time,x,y,z,phi,theta,psi,x_velocity,y_velocity,z_velocity,phi_velocity,theta_velocity,psi_velocity,rotor_speed1,rotor_speed2,rotor_speed3,rotor_speed4
0.06,-1.1779883723648656e-07,8.568572301296009e-07,10.004191168037611,0.000621579471281386,0.00012274808663548242,0.0,-1.0856183213701847e-05,6.799162626022894e-05,0.139697986855861,0.025612565021428862,0.005852288400904788,0.0,449.0788598711281,449.55318778551873,448.2830031419259,450.3589799119837
0.12000000000000001,-4.425383667859561e-06,2.2836703415088366e-05,10.014215348756693,0.0025435460291589607,6.576438208760749e-05,0.0,-0.00015214470211322438,0.0008317489763807948,0.19443293217205584,0.042495721338832566,-0.02021870177841542,0.0,423.7961374872353,421.5497126669312,421.24098892966674,422.6986001103952
0.18,-9.587003701353556e-06,0.0001460655089086962,10.03252222704641,0.005141148888455405,6.281841087188379,0.0,0.00013626891166165463,0.0035845496440978916,0.41574037453133444,0.044842358860280505,-0.031036118457144306,0.0,474.5151107583973,473.68407650204796,473.5980839332025,473.77942628495424
0.23999999999999996,2.8666190325701013e-05,0.0004615349859065014,10.057624938302846,0.007588017622565779,6.280002681867112,0.0,0.001301616731920911,0.0071584688581706815,0.42101299235291534,0.031083716101034244,-0.029859708294066117,0.0,406.3923030633523,406.49730945047156,406.0234827802008,404.78845305621326
0.3,0.00018736272794383192,0.001077193045646305,10.088596302114288,0.009988438017802359,6.277610855618349,0.0,0.004195188773065961,0.013613739089172521,0.6112800098555621,0.05361816891569333,-0.0894181051309007,0.0,467.4850774847629,462.82000582008226,463.72330686331156,465.4905066468251
0.36000000000000004,0.000567993027343073,0.0021017914348826724,10.127251680216414,0.013087853911989633,6.271820293023758,0.0,0.009026928776963095,0.02084561794183884,0.6771879967507259,0.04741536445468325,-0.11703157761015014,0.0,427.8097163953587,425.44346123812056,426.3664905817802,425.8381377308762
0.4200000000000001,0.0014171207063074945,0.003683050704211636,10.174506022427975,0.015606227009579143,6.264384811475168,0.0,0.020134934477945177,0.03218603541604615,0.8977928379665672,0.02792616898885093,-0.1435553853749459,0.0,474.91159160105303,472.8596392863249,475.19944297985114,473.7041348884912
0.48000000000000015,0.003052421535324975,0.005947741349500332,10.231664987897952,0.01736872021846736,6.2559497417046686,0.0,0.03525434562292007,0.04347977009919143,1.007393006459697,0.03212493359493758,-0.13522717344446514,0.0,441.1827681653795,441.85120601476035,440.00472777031814,440.35241911513566
0.5400000000000001,0.005816019758550425,0.00895646792285628,10.297002882692972,0.019466918050950355,6.247877341593963,0.0,0.05776215313038783,0.05703246696235178,1.170351951572866,0.04012546926919039,-0.1332013526045209,0.0,456.6393320756163,456.78472194999506,458.1909373548848,458.8269511264196
0.6000000000000002,0.010139599572891428,0.01284265784068072,10.372870321816345,0.021404695530367945,6.239878479684897,0.0,0.0872692805600871,0.07276198293472376,1.3583162462304332,0.008088370781932972,-0.13354110494766022,0.0,465.3406984474886,465.29861241871146,467.03785122857875,464.53296461429176
0.6600000000000003,0.016470603387553,0.017733880053305347,10.461151520523744,0.02204899749276379,6.231297849720267,0.0,0.12473054187987564,0.09034003750919922,1.584055685331167,0.01557170150151813,-0.1795573275353262,0.0,480.3034328247108,476.7817710011873,475.62786927357905,476.2004625329383
0.7200000000000003,0.02510422242468256,0.023628507124207387,10.559850247265048,0.02349875748079544,6.220219728093994,0.0,0.16419364018607724,0.10627142650711417,1.705657047633067,0.037379732792278124,-0.1974367540257959,0.0,447.11273949402994,445.62051284047635,445.8908879787528,447.6688646391128
0.7800000000000004,0.036032623621917115,0.03039944226958073,10.661029933141425,0.026006887558440717,6.208148619081953,0.0,0.2010629372851977,0.11962032783072,1.6669812047385302,0.049433897406556,-0.20997838604724714,0.0,395.05542572536666,393.85180365243065,392.9529611240895,394.0698958201667
0.8400000000000004,0.04988228291905509,0.03818813331271588,10.766424147747419,0.028828196992872535,6.195650629807552,0.0,0.2619960799239247,0.14032124734844548,1.8457554464891566,0.041701029008662835,-0.2051432025801415,0.0,465.0491573716049,465.38712919176095,464.55308051445905,463.94759303905107
0.9000000000000005,0.06751090011491157,0.047228687383036094,10.880710346558207,0.031738679853419605,6.183811641093209,0.0,0.32686442210770617,0.1613064090776756,1.9634518325449375,0.05948312552104006,-0.18504998923112248,0.0,446.19965804221056,447.79867606819226,446.03341984036524,447.48458798859616
0.9600000000000005,0.08904276655133525,0.05751810022541022,10.999724394907295,0.035334689139422615,6.172999206996792,0.0,0.3918731668547166,0.18200088991305313,2.003481148478618,0.06081894670404786,-0.17196239208862482,0.0,422.30459304212894,423.3985722518794,422.3160120755665,422.4339531176765
1.0200000000000005,0.11503254204034079,0.06923128615650172,11.124279959575315,0.0396420712076635,6.162621639948778,0.0,0.4755414216681107,0.20886150781348484,2.1479423827812707,0.08770010566081916,-0.1750289721534938,0.0,456.77933154707125,456.50684017604726,455.019548292393,457.16996784745237
1.0800000000000005,0.14615687199564648,0.08261797784038637,11.256548354248455,0.04512170285147299,6.152140755231317,0.0,0.5629919528462707,0.23790394815870383,2.260598937098981,0.09773705618681555,-0.17399618961797012,0.0,447.2895344407159,447.34448485944506,447.1269442441533,447.95075625317367
1.1400000000000006,0.18310865908083865,0.09798785712473594,11.39823824954464,0.05098603119694012,6.141374509441658,0.0,0.6699050140895716,0.2750814266113347,2.4617432947135005,0.0977423025404374,-0.19345598040695688,0.0,476.2468324838286,474.726904616042,475.06952468980603,475.0774384505952
1.2000000000000006,0.22584164833305806,0.11540505427958268,11.545803655974916,0.05707935412459619,6.129816920459881,0.0,0.755519311512643,0.30599934742321233,2.4568996459102697,0.1082548743125357,-0.19101960395432172,0.0,411.47872386815806,411.65493502197944,410.4154748233931,411.3572477778853
1.2600000000000007,0.27435939094244444,0.13495015408017824,11.695892949030442,0.06336196285949036,6.118577863104216,0.0,0.8628295208717935,0.346119503356194,2.545609044427538,0.0964698930076485,-0.18079553814383745,0.0,442.6177497237401,443.4240680188553,442.7965135287574,441.83554206030016
1.3200000000000007,0.329438237370846,0.1569858243551354,11.850654790965885,0.06904572136876652,6.1074650815190346,0.0,0.9741499944689376,0.38893262375606974,2.6126868637187086,0.09100170809538695,-0.19594464133373474,0.0,436.8713832471037,435.5721162273521,437.46136785986096,437.0135811594613
1.3800000000000008,0.39143134856954925,0.1817041196462413,12.009482411163331,0.07462830184747737,6.095233286494066,0.0,1.0933910657469412,0.4355143263523883,2.6810837323695496,0.09683880734123236,-0.22848804227247715,0.0,439.20826337360444,436.4578877263761,438.2105665936811,438.7029377369402
1.4400000000000008,0.46105076060805794,0.2094133753866354,12.173529359952534,0.08000693725031471,6.081617380483644,0.0,1.2285788318660569,0.48865881338260847,2.7864784791807096,0.06864116115499232,-0.22399335809909662,0.0,450.59413731005907,450.9069880339215,452.6182191041227,450.34943596266
1.5000000000000009,0.5388366377587167,0.24032409817192774,12.342755720575607,0.08383344318594776,6.0683252651452335,0.0,1.3655075624510093,0.5420384703268286,2.853822415163143,0.051639491777217814,-0.21703168110162363,0.0,439.9904594467074,440.5172838573609,441.2077533294734,439.80475297243925
1.560000000000001,0.6256184599161345,0.27470396884151727,12.518329229662601,0.08673361575628391,6.0557529891597,0.0,1.5284700343676916,0.6042090681859281,2.9977817439284316,0.04074252675135056,-0.19769071564445514,0.0,464.4371922111845,465.91021415978213,466.99850121993313,466.14902756575805
1.620000000000001,0.7221372820020513,0.3127544698138688,12.701160549006957,0.0895397189960816,6.043969119310551,0.0,1.6899014938199597,0.6643429360769696,3.0958761355822326,0.05669583615585557,-0.19393383430951466,0.0,453.73287941272866,453.99758413041417,452.1068073962995,453.39162213986333
1.680000000000001,0.8282443276706858,0.35434562530168345,12.88846529434001,0.09292892013530629,6.032493351791352,0.0,1.8479869192877867,0.7222922566273701,3.1470171722723888,0.05606524438170184,-0.18640160976245976,0.0,440.35177968784154,440.9384327893434,438.82935016426285,438.7792212977866
1.740000000000001,0.9441419695106645,0.39950743686727497,13.079140170989389,0.09721990709325468,6.021276439970897,0.0,2.016213863087044,0.7834130346697383,3.2081454524573316,0.09177817778997858,-0.18806364566579523,0.0,444.87865690261526,444.70862526523496,442.4112510158373,445.34574989120296
1.8000000000000012,1.0718505775868958,0.44896621657168556,13.278965452187691,0.10244795215490132,6.009591710158423,0.0,2.241833022786033,0.8657329564103661,3.4512582649173886,0.07569841750073189,-0.2134531147510324,0.0,502.2275936641423,500.3495870987305,502.7531096622434,501.5919155258132
1.8600000000000012,1.2110702261734967,0.5026371171138584,13.485148514034023,0.10672172148436498,5.996583883822709,0.0,2.399807365367178,0.9236107114605323,3.4210583380515507,0.06032857076090083,-0.22448583009861411,0.0,418.8335104657623,417.82288653478474,418.57859476825587,417.2429500595188
1.9200000000000013,1.3598348294968639,0.5597892690772066,13.68897212277542,0.11039745828378056,5.983058410669212,0.0,2.56001615256689,0.9816994374488348,3.372642238591593,0.06306639752602627,-0.22736750166998415,0.0,413.616590963007,413.30806858270824,412.0160090124714,412.26101596590075
1.9800000000000013,1.5189655558365862,0.6206708797898443,13.891556798334236,0.1139161119598997,5.969023697875706,0.0,2.7454031398575123,1.0479237359836397,3.379478548021793,0.04788310382024044,-0.25204055204373277,0.0,434.4341297406294,432.30311467600245,433.4338202588413,432.1582382577713
2.0400000000000014,1.6911974743244267,0.6861787247543746,14.099722114797695,0.11718095579713772,5.953999684306414,0.0,2.9969865440443284,1.1358312889476536,3.5577993115975337,0.06502340586615936,-0.24731258811009704,0.0,490.14486130440423,490.4396755344368,488.58463944813064,489.86258931291604
2.1000000000000014,1.8769961349837656,0.7563898912759088,14.313114221513153,0.1207527872504297,5.940561385438681,0.0,3.197316194036249,1.2047641219978593,3.5544968469749314,0.04531287667971826,-0.1977912038777383,0.0,433.5329918993729,437.6204899209599,434.4988612632138,432.845570092592
2.1600000000000015,2.0754379966877807,0.8309232402931257,14.527366713111757,0.12288162361383836,5.9292350327802446,0.0,3.4182010245338823,1.2798014296942424,3.586374057170559,-0.006874710254488912,-0.17506394041070625,0.0,447.84681989324065,449.6570042847427,449.8432816528622,445.5972164316467
2.2200000000000015,2.2882306507522086,0.9102741934329622,14.74589187189825,0.12235140182244564,5.918629478381975,0.0,3.675554871235432,1.3650067028108435,3.6965874699222128,-0.01308292439540255,-0.18038010649377445,0.0,475.8747494650147,475.4396903767086,475.8072143161613,475.33176484524466
2.2800000000000016,2.515085058734018,0.9942086030985795,14.966870020024455,0.12158192045120941,5.9083960814706185,0.0,3.88689216645236,1.4326420238542572,3.6687652191056044,-0.012313169621187671,-0.15591930382148844,0.0,431.87174150926893,433.9009779821839,431.88137972048605,431.946423402493
2.3400000000000016,2.7538914068072993,1.0819090304090586,15.183938528333618,0.12091667187236332,5.8992660919359885,0.0,4.0738496864881535,1.490600975311269,3.5666549858815775,-0.008742373377987849,-0.14556336972401734,0.0,406.8697549699234,407.77179837814157,406.3365489133782,406.65669841674054
2.4000000000000017,3.0045738815134277,1.1732319331884065,15.396200910904708,0.12003695649081614,5.89012898292296,0.0,4.282695955430129,1.5533614556897137,3.508342382107026,-0.030414141038019163,-0.17117162814691417,0.0,423.6191970530792,421.38716045975406,425.32794520630546,423.46757401668634
2.4600000000000017,3.2680193115980405,1.268323051316959,15.605188823031321,0.11850424833621975,5.879770594781693,0.0,4.499369319841121,1.6161107392714509,3.4573982647400623,-0.01725204560813165,-0.17574610877450095,0.0,427.37194063026726,426.9518079923896,426.63153489628434,427.7538666313852
2.520000000000002,3.5467902969942107,1.3677456778845116,15.816137246670467,0.1170180555130802,5.869753628581623,0.0,4.793438569686253,1.697647827389996,3.5727974127974944,-0.04735341026703549,-0.15350071724784609,0.0,484.47008485769015,486.11551984915855,484.7227689915901,482.4548946185161
2.580000000000002,3.8413243717884886,1.4714647093539763,16.029315722390223,0.1143784294524881,5.860246029098544,0.0,5.0247704941333575,1.759320584741217,3.5325702838339765,-0.03800469160211465,-0.1708801796827487,0.0,435.0318892426565,433.5491430597253,436.058598972802,436.8378385843384
2.640000000000002,4.149043673240904,1.578623368559597,16.238242909505303,0.11229385847012985,5.849914897903989,0.0,5.233032178481863,1.8123978375829783,3.431337225827953,-0.028909826937005435,-0.1749288916688033,0.0,415.00619398579346,414.6197764839062,414.0701980588925,414.86905535925416
2.700000000000002,4.4695100719355825,1.688957816034654,16.441352409982876,0.11042081245443391,5.839354444241007,0.0,5.449656358415443,1.8651961690528265,3.33856145056138,-0.03628498102285873,-0.17825373719586224,0.0,419.6811752461372,419.3605547681967,418.14537669955087,417.5018519599281
2.760000000000002,4.804190409422459,1.8026707989554265,16.641143301416314,0.10823374740661151,5.829196763363841,0.0,5.706730029779309,1.9249147523916132,3.320288433336197,-0.03678529908526397,-0.15565426206488997,0.0,445.3002761847035,447.1176677512514,447.07536457906116,447.03399632241104
2.820000000000002,5.154521286218004,1.9199373986924568,16.83999640786349,0.10577626566290377,5.819955695702582,0.0,5.9712032025987805,1.9836376202763835,3.3073016880004875,-0.050979934512335456,-0.1509345233152233,0.0,450.19606531902,450.5557938621233,451.01525791767534,449.8662333412527
2.880000000000002,5.520539455060137,2.0406078957922165,17.037454816679116,0.10225846428013519,5.811181504885472,0.0,6.229594541485126,2.0383233555031004,3.2739197499975927,-0.0818751260790055,-0.1382018274520215,0.0,445.61693828959494,446.6367014643849,445.5281871783916,442.9917032516941
2.940000000000002,5.903747150721208,2.1647967928080565,17.2359780933138,0.09739124447856895,5.802682193505202,0.0,6.543962014000754,2.100645527070715,3.3422321860505413,-0.07965281995793654,-0.1496440361175682,0.0,481.62538990513,480.7419280942429,481.9085435279029,482.07177089841105
3.000000000000002,6.303971351442461,2.2922536964742486,17.434834724517472,0.09242611710524873,5.793382315739926,0.0,6.797013412272148,2.147419942043313,3.285683338351706,-0.08980527861917517,-0.16872253652535796,0.0,442.657170697662,441.0607818400889,441.71823885566266,440.874343500555
3.0600000000000023,6.720762020950053,2.422642444810263,17.632665440926587,0.08730321846096523,5.783056584320208,0.0,7.096109843792142,2.198231984841514,3.307446464856639,-0.0777506900139516,-0.1798655038755826,0.0,471.2632648506028,470.3742254397055,470.0094802592508,470.93738381878944
3.1200000000000023,7.153439219923341,2.5556283233293122,17.82777422482605,0.08240347701183826,5.772435503978912,0.0,7.326757271076621,2.234204493388155,3.1957257685145586,-0.090926796254931,-0.17186443857396522,0.0,425.46194310921186,426.11483527285844,426.28445245148714,425.1509304019367
3.1800000000000024,7.600852024083412,2.6908045652796195,18.017580530969408,0.07715163198675068,5.762088024506717,0.0,7.58715665870878,2.2711445214467307,3.1303996905785967,-0.08148577668195076,-0.17367053890821668,0.0,444.13134278772844,443.9545455555903,443.807348255874,444.5753629736746
3.2400000000000024,8.062398528205119,2.827894047087381,18.200686363009986,0.0727169390747715,5.751404817345396,0.0,7.798017055820472,2.2981487946370773,2.97293626521944,-0.06195078990005798,-0.18868209995834367,0.0,412.31997378769915,410.9575697509323,409.480611780801,411.2102940173011
3.3000000000000025,8.53833286166041,2.966740889434457,18.3771279114676,0.06856774715673541,5.740184217080337,0.0,8.066590969073077,2.329673055077326,2.9075475529221535,-0.09019609184395111,-0.18386430336846799,0.0,446.2828896354803,446.6422570929992,448.1955413871494,445.88948731269124
3.3600000000000025,9.032143773603705,3.107581932795797,18.55232960622664,0.06326124093084484,5.729111464016512,0.0,8.393659602808485,2.3643956934137345,2.930982700471998,-0.08514782906761854,-0.1859429057670001,0.0,479.89411729314554,479.7060047922619,480.92396515201136,481.300412693984
3.4200000000000026,9.546490731135485,3.2504756385160687,18.730133254372014,0.0584181001084092,5.71764274514449,0.0,8.750976756091436,2.398088731148949,2.9938869439505926,-0.0730799993698684,-0.2043555505541371,0.0,498.78565634335655,497.4071757604249,496.23251191901187,497.11322397893406
3.4800000000000026,10.08087584846525,3.3951454369167204,18.909202076616943,0.053948904126681185,5.704897749102326,0.0,9.061794002519376,2.4237423332806602,2.9735777429489785,-0.07745785827357574,-0.23784305620564514,0.0,473.8915996926323,471.26672977649946,474.16838290084763,473.82788857634637
3.5400000000000027,10.632582886936778,3.541146664771093,19.084727665896633,0.04980970877998114,5.6903055573342805,0.0,9.328621375216853,2.442554117099646,2.8761453955195315,-0.055918069110243745,-0.25693419539730344,0.0,450.31871576540476,448.7122239989079,447.529416510529,449.27601812511216
3.6000000000000028,11.200908024197025,3.6882416731503707,19.255011687850935,0.046480207410660945,5.674409349274715,0.0,9.615682250620887,2.4602581202165177,2.7985114578429973,-0.0546526132153546,-0.29000584855951544,0.0,461.2219842453046,458.53169192545096,458.87600817049116,458.9745145230527
3.660000000000003,11.787225924725979,3.8363759034121667,19.42137548223307,0.043098708805606734,5.65707430743598,0.0,9.928349733393244,2.477169690617786,2.7450045418894624,-0.060007180088019314,-0.28682971717140826,0.0,472.01222985278866,472.1779696880197,472.61426852924876,472.19929419524436
3.720000000000003,12.391619125781984,3.9854065821126143,19.583178444339648,0.03955008738996124,5.640075526626788,0.0,10.21818075240466,2.490165587138947,2.6468054660856892,-0.05747104282571977,-0.2770865189440547,0.0,459.83141711777444,460.52441054182594,460.480686069654,460.6790171069487
3.780000000000003,13.010493098953475,4.13499654629802,19.734896193743346,0.035955060914222514,5.623086522641824,0.0,10.411345289687581,2.495944191120501,2.4100484911496145,-0.06532031433890866,-0.2993837833142856,0.0,409.68034151622635,407.60201045488515,408.30085017388103,407.59677532857853
3.840000000000003,13.642745991658257,4.284963950126742,19.874503196181713,0.03147288454277142,5.605097591642894,0.0,10.663912477806951,2.5026540581264864,2.2423119649393985,-0.11033678521243831,-0.30069096920157384,0.0,438.94464163967007,438.74330665394484,440.76188980432744,437.0188072739036
3.900000000000003,14.290344825412863,4.435264541663953,20.004004787465327,0.024703543081891155,5.587293973218639,0.0,10.922797446354606,2.506889638884869,2.0731779407740687,-0.11831968331828938,-0.2898050876698587,0.0,440.4812276991438,441.29039911474973,442.6651947832448,441.99612010559827
3.960000000000003,14.955408283509493,4.585776003838094,20.12539911635881,0.017157166905412247,5.570067946869454,0.0,11.245678134161272,2.5095731763226103,1.97139036643941,-0.1479994836489443,-0.2821872706632076,0.0,470.8478221325039,471.3584303589851,474.2697430961489,471.969823523733
4.020000000000002,15.638001948890722,4.736291330604384,20.23826782439701,0.008235232213691823,5.553003560858201,0.0,11.507345782418058,2.5070335248615745,1.7897420240159891,-0.15013397848400575,-0.2892487786934238,0.0,444.93118445623446,444.2703190149182,444.6877289380965,444.49202162661095
4.080000000000001,16.337528629216948,4.886549570221978,20.341394579994287,6.282783327046009,5.535463621387443,0.0,11.809848469914066,2.5009746414426894,1.646137023358626,-0.13382278714282733,-0.29932931335252816,0.0,463.60019860018514,462.72384540703706,463.97627091715947,465.23702979216154
4.14,17.053929010243053,5.036332115290024,20.43427591612426,6.274378464581909,5.517387047811731,0.0,12.069959945307792,2.4913042236191987,1.4486302070143184,-0.15709122649099166,-0.3054740595255874,0.0,446.83181695769565,446.23827771061127,446.10780420591624,444.1842555625665
4.199999999999998,17.78598964736595,5.185433840681983,20.515149376890534,6.264953858081958,5.499304948495428,0.0,12.331781040791038,2.4782321637551252,1.2458412844937299,-0.15704792579347032,-0.29422993309632933,0.0,447.5815449581961,448.4042460506146,446.6647821321488,446.6450818915041
4.259999999999997,18.5327764377513,5.33366611368045,20.582680363072534,6.255392846969842,5.482358986593248,0.0,12.560911628775921,2.4623836160898422,1.00432913847044,-0.16439842458145607,-0.2656782343841548,0.0,432.1905467760792,434.50712697569435,434.08070414629384,433.4382901041143
4.319999999999996,19.295361269669144,5.4807942593730905,20.637579024780358,6.245475363029723,5.466226962357027,0.0,12.85785629943606,2.441351784717456,0.8241486591320467,-0.16713734340665654,-0.27614087735171605,0.0,464.4785243182723,463.5870698400443,463.87617263091084,463.6361089559957
4.379999999999995,20.074296813148237,5.626602468103651,20.680137676011118,6.235395950648529,5.449601857590169,0.0,13.106172694650823,2.41845549130656,0.593423242214315,-0.16975038196380768,-0.27903887009165207,0.0,446.36523166123135,446.0511749856627,444.70163816440055,444.46044135906965
4.439999999999993,20.86620366504637,5.771025683262226,20.706995528088264,6.225345227163917,5.432397719931881,0.0,13.290576354016277,2.3952607331685396,0.30140546398751333,-0.1633796099541706,-0.310136089480214,0.0,420.17544696151015,417.37833611813863,418.5806327866257,419.1062206214817
4.499999999999992,21.672422364893244,5.913811035960554,20.719082042248573,6.215618171555995,5.413766432670613,0.0,13.582466293008267,2.3638383243466614,0.0996938900631515,-0.15970913867169945,-0.31130141985629584,0.0,464.99663655803624,464.8114938352285,464.6566951683209,464.920725657351
4.559999999999991,22.496057756205076,6.0546257183594925,20.718785597738584,6.206275789550997,5.3954931921272955,0.0,13.871029868530107,2.329623980878863,-0.11133690371649878,-0.14871718758096322,-0.29367824773777573,0.0,465.9100391967623,467.19633579871686,465.1837576458266,466.02228857264913
4.6199999999999894,23.3348946601028,6.193439649827924,20.70395140093963,6.1980032454837115,5.377302248777337,0.0,14.089554539374594,2.2972361209137615,-0.38412838332484794,-0.12211197944740335,-0.33995319582270966,0.0,442.57394945268464,438.6476500212942,440.0561743727966,442.2358009426007
4.679999999999988,24.189804300319356,6.330055767580067,20.674925888583743,6.190875771041469,5.356971494209532,0.0,14.405978444775368,2.2564802894469005,-0.585750693220974,-0.11286782962197284,-0.336724509119854,0.0,481.2500155231011,481.38615684257405,479.76222849585594,480.4523395522708
4.739999999999987,25.06191468956613,6.464302701967165,20.632229631559408,6.183943077040446,5.336766530987113,0.0,14.663197231486992,2.218300182230121,-0.8392202733507995,-0.12151703970590018,-0.3367990429739689,0.0,462.1720222843664,462.05445078173767,462.9250173686573,462.23216392253016
4.799999999999986,25.947442029524773,6.596362126571039,20.572710478386544,6.176441219952798,5.3163662537521645,0.0,14.853601808162026,2.1835446445632565,-1.1458670090604992,-0.13318536431131558,-0.34731700684261296,0.0,439.601500456944,438.6079038663402,440.80894843846676,439.8286337856014
4.859999999999984,26.84456145738943,6.726283891494791,20.49478903777935,6.168191484207924,5.295558058705682,0.0,15.049434952625095,2.147042103305577,-1.4527690551835555,-0.14791218947225082,-0.34579800827070994,0.0,445.04488075041644,445.0457026191378,443.49354714893167,442.2638158982276
4.919999999999983,27.75551400260799,6.853812657412425,20.399684282679814,6.159375377008246,5.274917490929813,0.0,15.314008453916873,2.1037881957453926,-1.7193317451530101,-0.14505149588721114,-0.3406623535359623,0.0,471.91655702996377,472.1989080532655,471.4789676358156,471.6811907285496
4.979999999999982,28.682612700579575,6.9786749051454375,20.288578287849965,6.151173169494111,5.254093850997576,0.0,15.587396123057513,2.058210555649351,-1.9862498110460325,-0.12379040477043282,-0.364573933525213,0.0,479.38869127929297,477.45138943418993,478.567641858324,480.16798883622994
5.0399999999999805,29.623704007193314,7.100954986469794,20.159839801601105,6.144277485126068,5.232001691935215,0.0,15.78092835755315,2.0177754337735743,-2.3065265324257433,-0.10139654970483554,-0.3766495061588511,0.0,455.7547295614105,454.65098745836565,454.45946805963234,456.24020156284587
