time,x,y,z,phi,theta,psi,x_velocity,y_velocity,z_velocity,phi_velocity,theta_velocity,psi_velocity,rotor_speed1,rotor_speed2,rotor_speed3,rotor_speed4,episode,total_reward
1.4400000000000008,3.079693880978163,0.18931558937773268,0.0,5.805411758895476,1.4780440177909355,0.0,1.030688089454164,0.3441235148768866,-15.940864224914321,-1.213854885924054,-8.231994735231789,0.0,448.6072323433762,331.5821742594831,335.33033830506025,371.1003667643525,1,72
1.3800000000000008,2.919702488897618,0.20173207722193753,0.0,0.23385784428654066,6.011509719418257,0.0,1.2911843035237809,0.3450631698985452,-14.89658431455256,-3.422797360368158,-11.026509941386067,0.0,476.4766882312237,369.83515177181573,497.4711575877065,432.72752078165473,2,69
1.5000000000000009,1.751783879942912,0.746025235861777,0.0,0.38868566722182596,2.3646132821715877,0.0,1.6000342664972138,0.789548036124499,-13.666924917809819,-0.5398722124499015,-9.105530218775423,0.0,501.07394545333057,440.98390712411623,459.690952738087,463.4731837172723,3,75
1.560000000000001,2.8643568862183093,3.4656644049327023,0.0,4.762704923220465,3.675126319855254,0.0,7.657846571069373,2.8582650272777856,-13.006222796758856,12.747566143634883,-1.031390145576152,0.0,545.2156621388305,624.4698614576913,381.086794841142,554.7764472607541,4,78
1.560000000000001,2.7619077085629593,-1.6220612834619137,0.0,4.9479985933955,3.2853783246708588,0.0,3.1275095996563342,-0.5756469621030083,-14.891429097911079,-8.918809603628437,-13.828209755528999,0.0,548.5955630453988,475.4254284342614,452.87252119453797,454.65843878075407,5,78
1.5000000000000009,4.594878060239856,1.5749876213843097,0.0,4.810866514314888,5.826394521577345,0.0,3.9721813178958976,2.162547970969003,-12.00164153223968,10.369881321931318,-18.49925855588766,0.0,645.4510578510951,354.2297823994247,410.4986919914795,573.6180549400948,6,75
1.8600000000000012,2.43867661956267,10.995350670321603,0.0,3.86255934990351,0.6392214933273594,0.0,0.4220706406161432,10.45165870261894,-15.755473975183298,15.141747077651091,-18.704019357510067,0.0,809.7671993636783,583.9897939094017,690.670743961543,767.2988005484842,7,93
1.3800000000000008,4.248728613847278,-3.126921137871888,0.0,0.9164079955296529,0.04217756077875645,0.0,4.281558414038159,-5.745087497706482,-17.095481647300907,4.474906566582756,-22.685874103537614,0.0,793.3276525707163,341.7417385869019,795.8255417649907,735.0341313862062,8,69
1.3800000000000008,6.352735766179813,-0.5335814594204077,0.0,4.527697096705799,6.2447225412846,0.0,5.292919852241539,-1.1278775694881755,-17.067437710932214,-6.075782949232465,-20.866360431702272,0.0,718.5475425068714,298.0216481351148,760.8962681933023,698.0841334778039,9,69
1.680000000000001,-0.8722619386278424,-4.479539114845668,0.0,5.872696619424389,1.0385951405507239,0.0,-3.8523326656236674,-12.362617821467191,-13.219150211628396,-15.840275055676196,-19.784900225376834,0.0,828.1337199212657,465.7626705844806,770.4508194628557,608.7960517669402,10,84
1.2600000000000007,7.0488495580025345,6.607737390697574,0.0,3.96665748590574,2.087891006719964,0.0,11.958347915906305,9.094113789696404,-20.663805141693782,-14.817555992573244,-14.032279533407563,0.0,888.2552491265848,819.7914903442806,796.6230165130025,644.2766182909256,11,63
1.3200000000000007,2.7954202308646146,-3.2046872479135877,0.0,4.631112785651386,3.8875123505033127,0.0,10.903650503084904,-3.7990044492433213,-19.066096820172,-18.291398775092443,-17.14883753768501,0.0,886.150197450119,778.6704050322077,728.3370227532864,514.9830940961444,12,66
1.680000000000001,0.5461841845606652,-2.754957131682374,0.0,6.047086627907295,2.9589893181916196,0.0,4.1133913709884,-2.7954536901018106,-15.120013917263153,-20.474634525726728,-17.342411164484737,0.0,858.1392586565003,611.7141821455947,716.1697595533182,387.10211103412524,13,84
1.0800000000000005,2.79566473121292,-0.6647723759624127,0.0,0.42193499332031337,2.9907245600217234,0.0,6.771140450819176,-0.9393728702558489,-19.598353692211695,-16.854623061206706,-19.8611977144118,0.0,878.1681111570205,548.6528154831119,617.2786778582775,521.4438443968019,14,54
1.2600000000000007,6.952927606132596,-3.585725693092637,0.0,2.5776636839715295,0.0963847923210821,0.0,5.45417575470889,-0.1206492092590311,-15.836264992917913,-19.10304355525537,-24.84193056852673,0.0,893.0326441975108,439.29493476236064,679.0216899457309,417.93203433209794,15,63
1.3200000000000007,4.4303575206713885,-3.0763452005640386,0.0,3.3137553361708605,4.586074852182307,0.0,8.435715019160314,-3.954989237080008,-19.536614821884857,-17.14552305890205,-16.850846777433933,0.0,891.7977102900082,757.9243205998389,565.0213343557933,297.4886564746722,16,66
1.5000000000000009,5.849663275838895,-1.095690101992298,0.0,5.747669323112072,0.10089694269111149,0.0,3.15337144736628,0.9224522557481698,-16.284800563358907,-16.670534566310526,-25.981451027687708,0.0,887.1173615303433,392.32576799959503,556.858111064956,392.1517282021428,17,75
1.3800000000000008,-0.12526362834438637,4.431347447491105,0.0,4.609998676589129,2.0589432854025524,0.0,1.4119757021875172,6.39903752114535,-18.51781522397098,-14.856651224027534,-9.883386583795962,0.0,898.5160229827973,880.1772915848753,433.30827069194606,288.1370921817786,18,69
2.0400000000000014,0.29249294720707936,6.698165868794992,0.0,3.2753533046123007,5.172941977889987,0.0,-4.189263194442686,6.590982268519013,-19.509762711469374,-9.869159272946757,-8.904645439700962,0.0,899.2226339420725,888.521156054824,457.9159811932215,174.19211148880365,19,102
1.3800000000000008,-0.4209877478943506,-4.645269817337861,0.0,3.1882967566954576,6.2668526810101355,0.0,-2.645713398369731,-6.798838437851353,-16.221364549772918,-19.593407903382847,-22.411492419043295,0.0,898.6489257479404,605.0404702228989,574.1857052106193,206.39228065385683,20,69
1.9800000000000013,3.9381463043142912,-15.99830549341585,0.0,5.448467258163998,0.7526694820761799,0.0,1.8853797603428868,-10.943706471164106,-9.894589244332472,-19.597703157777094,-28.83391553790911,0.0,899.998561344882,2.4607515485125004,890.4991282715271,695.9977792091321,21,99
1.2000000000000006,-2.9169634649134433,1.0231682377408222,0.0,3.981843137565983,3.8552793540404338,0.0,-1.5873475782230853,3.1354208742394407,-17.301655955242158,-18.28963735928928,-11.225251896559264,0.0,899.6478572162098,880.4010119379722,542.7106161806327,180.52525230171562,22,60
1.4400000000000008,1.1589644277463176,1.0023480024392157,0.0,3.50971148494072,0.21246411147808697,0.0,2.0664322105627395,3.9001949930155546,-13.446981464826532,-7.457418379326498,-12.453318949744482,0.0,900.446558269806,887.9547031781915,86.69453171394537,742.1723728032557,23,72
1.620000000000001,12.458783665758533,1.1562232190253952,0.0,5.613949019144716,4.142270965578817,0.0,13.139823769228746,1.2072899638342314,-14.255616065707175,13.169455145309039,-25.60750018500671,0.0,896.6914128409643,387.3037534510783,119.33089163477133,841.0601986113313,24,81
1.5000000000000009,3.3272374425502065,-0.25342789779932473,0.0,5.892250280646369,3.73569415121797,0.0,10.275610306012608,3.0511670274025233,-16.831949554224344,-15.669940953076622,-23.816194810080383,0.0,891.5380538525438,495.8855802768343,507.0485332452794,553.05786867077,25,75
1.4400000000000008,2.2979994251799463,2.791588351267698,0.0,5.947352516782303,1.7424173322916356,0.0,5.024226581704714,5.257655380758999,-15.2014351901189,-8.174467381907567,-8.792416589353993,0.0,899.63740329555,877.9548837647093,263.043484013893,512.2519256885154,26,72
1.3200000000000007,-2.761811022335467,-0.5776585444933492,0.0,1.7418022813452403,5.220332061639457,0.0,-3.3469788222324257,-1.2126076981891067,-15.585781249614113,-28.517142027023176,-13.267671463781463,0.0,900.3455024318359,864.70017033931,891.7973188781281,19.552186588364016,27,66
1.4400000000000008,-6.382874278604385,-1.7814860964198147,0.0,4.697483635636392,5.742316782933678,0.0,-7.905114620818168,-0.45135772128395535,-12.856866899742393,-28.72019824860097,-12.812563912475925,0.0,899.7517342779255,833.5156654605771,895.6264460508181,16.763784723931902,28,72
1.3800000000000008,4.161693240461906,-0.0053680088421760525,0.0,1.8125381439139456,4.122010134365713,0.0,13.113428603182244,1.5629901076999146,-14.030238697704394,-23.963668827678514,-14.021206863779767,0.0,899.2416753615976,840.9930828705136,728.4039342663606,231.687044403147,29,69
1.3800000000000008,6.971700563578083,2.2358750008976895,0.0,2.6065069072371685,1.9334329090599915,0.0,8.029547845005693,4.095234416228943,-13.825600769582097,-22.980562237580408,-12.451583467749257,0.0,900.4169753812762,890.6306827271771,666.4106333610425,181.6506925086746,30,69
1.3800000000000008,9.830346322523843,-2.0858377746587338,0.0,0.05459048928156918,4.387907092033551,0.0,11.51086880300666,-2.559771644475932,-14.97368773960996,-11.976579861221579,-28.496893403808095,0.0,900.0507647494748,88.68438434072536,525.264961614955,692.2539050098443,31,69
1.5000000000000009,2.1108996334012344,1.4664314518071084,0.0,2.969856454973323,3.44419277574476,0.0,8.289523019117256,3.6362278177761436,-13.754364654815276,-26.273567538848333,-11.866412026224125,0.0,899.944266779069,891.6735732184047,782.4182249241853,140.65996711430446,32,75
1.620000000000001,2.4229153346693177,-10.02090389341268,0.0,2.7258535351560322,1.3318466543577987,0.0,1.8590685490040526,-9.72068551156134,-15.007979474716864,-19.576957819697146,-28.783809425069695,0.0,899.9315101390761,37.923526723989085,899.0108464921537,705.0654749572116,33,81
1.2000000000000006,-1.7367001204456674,0.11403933831915973,0.0,3.8533853102706104,1.2353993685903175,0.0,-5.136026795162768,-0.6621472241467481,-15.28569861870184,-28.719653653504796,-20.89428548598288,0.0,900.0720376241154,636.5476383053308,898.4058614411599,56.540502807636656,34,60
2.2200000000000015,5.325060533958927,-8.602543891558218,0.0,2.444804398128099,5.559821580905361,0.0,2.014462037495225,-3.7844978241909777,-11.736355666307043,-26.32527027828189,-28.592893344000228,0.0,900.386719382917,127.5771412578815,899.1997251456319,289.4464250852702,35,111
5.0399999999999805,14.616569485949286,-0.4187402782980847,21.660616624481293,1.6988400069851668,2.2452855714611673,0.0,3.4028256237627104,8.761294957417952,5.482840420090981,-28.839751899771343,-25.870433462786224,0.0,899.7363832768564,482.03861918146225,900.1061545581738,6.465543714221507,36,252
2.4000000000000017,1.7445588989991698,-1.9557133588053244,0.0,0.3351850347153622,1.8680622054119986,0.0,-0.5694396516564253,-2.5195819601565894,-11.005925373653996,-28.594166017437605,-23.365661559359534,0.0,900.0232143694061,467.10495798835217,899.2019056559471,128.49316855657185,37,120
1.3200000000000007,-1.0673874857205325,-2.7639318814844844,0.0,0.9238572053206235,5.9674309630274776,0.0,-2.0147718615822345,1.5534997866560194,-18.042025850933825,-28.59138758353482,-26.866654987885937,0.0,899.0854718726482,287.3147087126766,899.8425425685851,135.96832835343827,38,66
1.3200000000000007,-2.0478371395841988,-5.208647469503806,0.0,1.4493173751198896,6.027536195644237,0.0,-2.5724732569277333,-2.365582341039759,-19.056510236029617,-28.73971906467115,-26.34296819966553,0.0,900.3356149994007,350.44251159828815,899.876864599094,79.69989280275668,39,66
1.3200000000000007,-2.125354294054212,-5.851372639092932,0.0,1.547551271055541,5.693252416993932,0.0,-2.7029433011807393,-4.020713199992242,-19.400099398648326,-28.758030003224416,-26.33162570021698,0.0,899.8390136106902,362.5500597935845,900.4201682416729,74.9972780784421,40,66
1.1400000000000006,-1.5508940212520514,-1.5480794362944672,0.0,0.1599786575890283,4.884652639984019,0.0,-2.1798958614933746,2.488341308047243,-17.13652710312987,-28.40518246747705,-27.407836371999505,0.0,899.987631626296,251.0172562955322,899.6363246856716,187.83066288271948,41,57
2.0400000000000014,4.730697676003451,5.540054154197852,0.0,5.667448439137807,4.467597401509188,0.0,13.613261706013972,5.6649471542044445,-12.289070511960157,-28.770274767442526,-9.215728771997462,0.0,899.6530671066798,893.1455107482345,898.6137808999663,57.8009096281203,42,102
1.1400000000000006,-1.3408504983203577,0.8299370628896409,0.0,6.122181742329452,1.8365828532913717,0.0,0.20158375418547547,2.965303509769241,-17.31417782682737,-28.759202424151294,-23.979771759013122,0.0,899.5872910131491,440.84870234971237,900.5611036596621,81.64548194052098,43,57
1.3200000000000007,-0.4353343405753947,-3.755570463312679,0.0,0.7549189945156334,5.452962990646547,0.0,-1.4565322390374806,-0.08421405626320788,-19.017652416292545,-28.577762135221917,-26.28123692761483,0.0,899.6316137466771,359.6020124428898,900.5409202423788,140.0558556828836,44,66
1.2600000000000007,0.6969802338999891,6.047254005198538,0.0,1.581682988991755,3.4867395149636167,0.0,7.874981198985681,9.089447984673857,-14.683119616334437,-28.848198947680842,-9.863925804143342,0.0,899.9271755603356,897.0734496229423,900.531481776044,3.0370893521155438,45,63
1.2600000000000007,2.43701563307216,-5.9622240109523785,0.0,0.9889075664550466,5.603076172101012,0.0,1.474398963223585,-8.375769173501384,-18.084893201966253,-28.695695078350283,-22.65316641794623,0.0,900.0089942962949,640.3444379689008,899.8185944845891,65.2027333185498,46,63
1.2600000000000007,1.5753716418574761,5.17327816313032,0.0,6.120043515662726,5.0675622070776996,0.0,7.238570207204764,7.913210993414102,-15.409085572606166,-28.818870762984123,-10.280445690039185,0.0,899.9585427263457,886.2308712822523,899.4683176462028,8.287510850832984,47,63
1.2000000000000006,2.8098722641631135,0.6478584421972372,0.0,2.4241996985584677,0.46711124744382104,0.0,5.6604584646796505,2.4505415021907,-19.64655564921652,-28.390037128586005,-17.524964595753104,0.0,899.9431580527263,891.9862097230518,900.0496408745129,60.73647994469998,48,60
1.4400000000000008,0.10219245978411302,-10.68495040001923,0.0,0.8676873551412498,2.493889630750198,0.0,3.6666242690333855,-12.317607407466985,-12.300426147947084,-28.8318137512608,-15.204210566527795,0.0,900.305516137952,809.8497699320629,900.4738657680118,18.481325587361965,49,72
1.4400000000000008,0.2940633309099924,-9.920571549374836,0.0,1.2561810800720172,2.507763345900827,0.0,3.1184071201769585,-11.596734094715465,-12.189795450715605,-28.80876624637804,-15.58003167779378,0.0,900.2600822541556,806.0481118559214,899.7081800442877,20.83379587770292,50,72
1.1400000000000006,1.4514348620737187,2.5244413778846413,0.0,2.5156322546536476,3.653462543027935,0.0,4.561797815106999,5.595792495623748,-16.779131490173132,-28.74525139496923,-13.919816910788777,0.0,899.5919200341433,893.8473333189999,899.6209864292865,13.538988335006168,51,57
1.0800000000000005,-0.24196015968833567,-2.509902128337163,0.0,0.63601141889872,4.675387120426397,0.0,-0.06010756974992543,-5.129330980366651,-19.329993300677675,-28.241029350339137,-23.90950242112393,0.0,900.6299227638709,458.12356514535634,900.5694886291574,163.6510706069101,52,54
1.2000000000000006,3.1539615112676294,0.1552543209790238,0.0,5.170228542817991,1.722066137275295,0.0,1.7270529352743318,-2.274589189238977,-16.851635621045393,-28.73507132318558,-15.07479570326349,0.0,899.5245184114244,740.257114003572,900.304247920407,63.60633791264904,53,60
1.1400000000000006,1.6016855520559246,1.0015557206394263,0.0,0.7552037720684517,4.994770384834659,0.0,6.832655810736751,0.027377132497195963,-16.40850482461192,-28.67560221783746,-15.25622911346545,0.0,900.1329705920126,875.229099624202,899.2210898573468,37.124358590576705,54,57
1.680000000000001,1.9706792255938825,1.1979709799054943,0.0,3.5936901384018576,1.1988100432925926,0.0,-5.288539027995717,-1.3887325208709134,-12.894896966293416,-28.83858165162168,-10.843270344463368,0.0,900.2292255086195,884.3998929606316,900.7069554562028,12.905151564093718,55,84
1.620000000000001,-3.473945521225608,7.890802218241477,0.0,3.4997058437660424,3.505616349230557,0.0,3.8387106485590055,10.350358354744062,-15.459531906854886,-28.82985926555622,-11.182963866600947,0.0,900.3061360517637,890.8090654169423,899.8478451310486,3.237954815959271,56,81
1.5000000000000009,-3.9752283615197364,1.988136264262841,0.0,2.92335051407861,2.551521665579328,0.0,-5.99995510291806,0.661162200494335,-13.639957411979047,-28.14240741954045,-19.99437596083608,0.0,900.437732460107,812.2670620390106,899.2880682739667,38.59463114524413,57,75
1.740000000000001,-1.7821678172650324,-0.5489922092585591,0.0,0.6753993045561169,2.2332957963796716,0.0,-0.14128418323308523,-2.3701665672828014,-18.058311322317998,-24.598862474597478,-28.373343273575966,0.0,900.0561980978345,75.62584951509564,900.3889367930482,569.4806924679076,58,87
1.2600000000000007,-3.481692699166387,-1.0740189295127949,0.0,1.5213296300715546,4.632455692211204,0.0,-3.63744228869706,-1.212558053252124,-15.465029068205581,-20.568023030612604,-28.732279072945715,0.0,899.6644893272487,34.87870384406211,900.4464092715517,731.1270815116508,59,63
1.5000000000000009,-4.446419416234454,-1.5407643954127104,0.0,0.00899515624286007,4.3446422061766,0.0,-3.777583874639274,-2.2338824274079085,-14.536370671432492,-21.488273877122925,-28.74317598627916,0.0,899.4842452891243,67.36623395244479,900.1891871557091,609.7418079728393,60,75
1.5000000000000009,-5.3174348615253,5.657095857742201,0.0,1.5602250953651895,1.8613150471007227,0.0,-4.50968795892557,9.117549839811836,-14.390933963932113,-28.17713802192522,-23.326327986749035,0.0,900.2826635639087,567.4869814863197,900.1786514774319,124.67137965190645,61,75
1.8600000000000012,-7.318714926548149,3.1318434684865744,0.0,6.06752501427669,0.19154126629089507,0.0,-5.7439555896178565,0.428312742882611,-11.994449733650038,-17.95223669347312,-28.777162412076994,0.0,900.2492753033566,54.577835148026054,900.151323821281,778.9841358142637,62,93
1.680000000000001,-6.187481376147817,0.16864983031579286,0.0,1.1743951440338298,4.760089819420784,0.0,-4.846098568903411,-0.451139650205671,-14.351334995951813,-17.50780203726137,-28.829695148905042,0.0,900.0726133820294,17.678171822958518,899.9853627453698,768.1907281707317,63,84
1.8600000000000012,-7.612673914234735,0.4362514460431235,0.0,3.4368172960104406,5.810473221329039,0.0,-5.684429621226709,1.6734057262658972,-14.904957255718125,-20.762022365205972,-28.808822600455798,0.0,900.0911753469958,46.310754663297246,900.0049198624421,610.2826842200384,64,93
1.740000000000001,-7.16263732030692,-2.797511209829702,0.0,0.27778901991374205,3.0635166954135045,0.0,-3.645650006864477,-2.0030352671042992,-14.716247290036131,-16.749099533444035,-28.79847995606818,0.0,899.3488989008181,28.706238869312934,899.6338095427719,722.2145980361586,65,87
1.740000000000001,-7.2255278980006645,-0.25353627523128114,0.0,0.4773168948837778,3.0190335502029235,0.0,-3.437671082244754,0.656222531012109,-16.98931325182889,-17.209064984198978,-28.79637302314162,0.0,899.3643210178259,31.0983961419905,899.3794865078846,736.8856743027847,66,87
2.0400000000000014,-8.606456193569514,0.41863370941751993,0.0,2.327599208594817,1.0164920596289075,0.0,-4.953322449179285,0.740250381961312,-13.491967767028475,-20.859355320957864,-28.36727888137767,0.0,899.9438119949331,146.50617157602545,899.5532543957517,637.1457082024826,67,102
1.8600000000000012,-7.367617245226489,-2.526127865750443,0.0,2.7417626610685613,5.946260820865027,0.0,-5.428341866183057,-0.9024455704433298,-14.157256611072539,-17.902156685175612,-28.67669598860012,0.0,901.0366156947055,110.03021033145468,899.8759528673954,676.4109595782928,68,93
1.680000000000001,-6.296069188137352,1.4568709948876417,0.0,3.6083425189296285,0.536614781329348,0.0,-4.974344230012261,1.1865405217627998,-16.15670632156582,-21.329658515602212,-26.422710244077486,0.0,900.0656535259566,413.4675419361063,899.9348755896228,589.027125688585,69,84
1.8600000000000012,-7.1943295085742225,-1.8153323353566002,0.0,0.15990319645596518,6.222247175619588,0.0,-5.6902322349851655,-2.6076578947587707,-15.33440795321539,-17.581729388040483,-28.242248744411423,0.0,899.4702577412305,213.0259672122724,899.0455029143193,662.4409280006397,70,93
1.740000000000001,-6.466660513754612,2.1535468701689884,0.0,1.3827243745742592,0.20823883173736668,0.0,-6.041580134675475,1.791760633275405,-15.040228342221253,-16.722897241202762,-23.881216079580962,0.0,899.9342386179941,599.15198715524,900.140170381786,736.0345628799982,71,87
1.9200000000000013,-8.370954190145426,-0.09357662732239498,0.0,1.745582559933256,1.638622724599931,0.0,-9.177248876615444,-0.966146077457953,-8.705565789195328,-16.747889596177618,-21.977329052887303,0.0,900.6293085149466,629.039036565113,900.726031743375,732.8291286312759,72,96
1.8000000000000012,-8.327599980509381,-0.6202366086253106,0.0,3.774287606134468,1.8261759542514096,0.0,-8.337643959841825,-0.7036070469841198,-12.629045544222054,-8.603435788429795,-28.377464009144788,0.0,899.7806977839323,161.25782155761885,900.1333756999907,864.2487727693119,73,90
1.8000000000000012,-6.703734306795659,-0.023735119967733774,0.0,4.636345126124661,1.6200972790298653,0.0,-3.8687233463555906,1.2817819801062151,-14.490161347178883,-7.641064272373389,-28.086870228381148,0.0,899.8200854687982,213.62417856151694,900.1439475914538,869.8157807784266,74,90
1.8000000000000012,-6.898940598154246,0.11058398961764387,0.0,5.299387473515537,3.5761913871435524,0.0,-5.878187166414605,1.2229614147604075,-19.579416990428502,-6.879318205278731,-23.448096804798404,0.0,899.6496029382405,329.2824119857897,898.9002209638668,890.2091514071024,75,90
1.8000000000000012,-9.883038531081368,-0.7685887385137118,0.0,1.0701904903453237,0.7634057987402167,0.0,-20.129666007500266,-1.1881630908535081,-14.050006664491058,-0.2013167078226135,-11.111454286035341,0.0,899.9206416592922,878.6883009025561,860.6862178625281,875.9526740814713,76,90
1.8600000000000012,-11.017393947674538,0.7063811340950014,0.0,5.772106938041013,1.2359960846722853,0.0,-18.352375900261162,0.7570861045425822,-15.291211721735335,19.901389399940946,-9.411198679257042,0.0,900.224853707278,898.5182902413886,427.1418588655745,892.4445440418849,77,93
2.0400000000000014,-8.61289263106723,-3.8966786799667563,0.0,4.779374290239726,4.493314321528814,0.0,-9.343921951395842,-12.180715948821867,-17.044127720223234,1.9194977410387721,-22.830661973311745,0.0,899.7126935432042,517.5208877271134,894.6472552918354,886.1221582006776,78,102
1.2600000000000007,6.4046351273341235,-0.630632847784255,0.0,2.021671044248686,6.127562043764435,0.0,5.271871698568277,2.366405430913968,-21.840823721571937,-12.831318807185838,-14.304430875230853,0.0,899.9569115763117,862.9053013707176,899.9194475041047,740.1180723863795,79,63
1.560000000000001,5.110313934569927,1.1881075347216328,0.0,5.25567167870466,0.2120616361620522,0.0,4.411251642185882,-1.584627940042834,-14.247063032367649,-18.30157625906149,-15.555614911906911,0.0,899.5847186465995,844.7996093540194,899.981075420929,608.749746795567,80,78
1.9800000000000013,9.472076980458422,0.6937427753720157,0.0,4.56436007033879,1.8936019294152082,0.0,5.530156898510356,0.11917578623438851,-11.824098085227249,-25.670841357204722,-7.147512848178811,0.0,900.3854109879359,899.6663269295844,900.4916974030605,250.98013296677306,81,99
1.2600000000000007,7.712355990427168,0.2084204286734936,0.0,0.9852792427655448,4.90449732144104,0.0,15.275880240311484,0.877125730169092,-17.59806737329188,-13.8878875715528,-13.482081172677058,0.0,899.9245241170626,878.1324084086907,900.4756204241494,715.4465319842345,82,63
1.0800000000000005,-0.4529573284304998,-0.7085342731644324,0.0,2.9657560393785474,0.4565125160368577,0.0,-1.653220627803941,-0.38672845998572575,-14.932998858418594,-6.849522956345516,-27.741928201218577,0.0,899.6021937207272,98.84931034994096,899.346188596912,887.2536865278516,83,54
1.0800000000000005,0.9916475767381426,-0.39354191361429175,0.0,2.6086217795092903,0.6898579094901489,0.0,-0.9398256181630337,-0.2841706775200935,-15.902765563334004,-8.648204320096582,-26.349642326034218,0.0,899.4019692180386,220.22963303374206,900.1126148969516,877.2160266628324,84,54
1.680000000000001,-23.07470219260592,-3.5405763366195657,0.0,3.908117552751225,5.708307855303097,0.0,-25.5107057965623,-1.4606357304007203,-14.246900789409455,28.849290992957737,-3.884301088599943,0.0,900.2365541446633,899.5972365898555,0.25828611886385155,900.4323339658498,85,84
1.2600000000000007,6.693595692981696,0.5695119570974881,0.0,0.5043562676059823,3.710724317414993,0.0,12.602278546305879,0.7884205462587832,-15.069379815930443,-6.876392823851252,-17.21111759806763,0.0,900.0084976829253,819.401283355568,899.9998155718932,802.0845771913051,86,63
1.1400000000000006,-1.3353773150054447,2.4540983278512494,0.0,5.154140730948111,0.9554571149191311,0.0,-2.6647419865894157,4.36823828540495,-17.27183915696229,9.802387533703993,-17.119210659391932,0.0,900.4119315395966,715.5689297071269,832.9722931877385,869.8059178199932,87,57
1.3200000000000007,6.340120359057684,-0.8533729617211938,0.0,1.7224382316747615,3.474349430062082,0.0,9.96323051849932,-2.8391494375445783,-18.673150826442058,-9.924236646932718,-18.037149036917786,0.0,900.4401833179926,778.6625211101306,899.5048325015824,831.4482856129213,88,66
1.0800000000000005,6.721650885690764,-0.29338548766958744,0.0,3.100219692678916,1.4307700738360252,0.0,1.7128102408142736,0.8145548420559079,-17.22504542931976,-16.964281267118825,-13.069496334019009,0.0,900.041802406833,877.2953799497701,900.3374751275917,609.9146622743049,89,54
1.4400000000000008,-1.37529554192741,2.7336368177309804,0.0,3.8784543256069153,2.6108050564626843,0.0,5.707826569334037,1.7798753536185663,-14.416046589544235,13.13289536635905,-12.696985629077044,0.0,900.2433237763373,733.3136874333219,796.6180360653135,848.2029803335238,90,72
1.8600000000000012,6.864407513509406,3.8017252263943306,0.0,0.25143797701130755,3.9864210036148062,0.0,9.198643816565207,5.904523469261266,-5.668203243121847,-23.69906767086742,-7.474421120540078,0.0,900.1129315408624,891.9378527345984,899.9873104483472,490.96159654875316,91,93
1.740000000000001,-18.49215861492629,-1.7275897463500214,0.0,0.9448392140583657,2.6729433555616193,0.0,-9.725766171575371,-0.5760059004487796,-15.432323456573183,28.837758372400938,-3.6856756992721458,0.0,900.2411964771037,899.9868152766709,-0.28794942079937913,900.1579612591968,92,87
1.5000000000000009,-9.609982117577369,0.9385226431665592,0.0,5.277062886828212,3.2117678120875084,0.0,-3.9816114116662513,1.019364209647928,-14.797990130256103,28.799326342867865,-5.025305899985524,0.0,899.3976603091146,894.6601827923765,6.169103301089135,899.0273955032598,93,75
1.680000000000001,6.842319356730312,-2.565803076425332,0.0,2.1513083923806473,0.7218753910420306,0.0,0.8505514432842664,-4.488120975317472,-8.134122548027653,-4.662129677923054,-17.87481310850839,0.0,899.6895746013531,742.5684160131044,899.8471571049945,874.3702514773045,94,84
1.8600000000000012,7.777858285313561,0.3614265036097874,0.0,4.473897918330749,2.621480665767443,0.0,8.657720789517121,1.5199488291178331,-11.891085587568186,-8.731029185530517,-11.489915728571807,0.0,899.7563951071111,877.8105203029303,899.2056056989263,487.4364409437501,95,93
1.5000000000000009,1.8124602290139593,-0.6913253084916688,0.0,5.75436714674963,0.022241716378851528,0.0,5.842549823970743,-2.203766054489744,-16.6754686340572,15.510059780119503,-22.550506520484877,0.0,899.6489310150357,647.9269204918298,661.0148299546952,835.7160340151594,96,75
1.680000000000001,-3.771820802294021,2.253256861523982,0.0,1.524631241427203,5.722540031469558,0.0,-10.418711420787128,1.2759648028205501,-11.89942446224319,27.952292198645235,-12.158467078328922,0.0,900.1908152509274,836.3981643266884,15.010993110148748,898.3985593272313,97,84
1.3800000000000008,3.256109932944894,0.41407639722240214,0.0,2.8271348291168614,0.0224172538266858,0.0,5.3297691165564,2.6333007560888353,-15.109906725077943,17.916384764095003,-19.438038463181798,0.0,900.209417688096,673.9266769595677,671.6854585798162,857.1215717455151,98,69
1.4400000000000008,-10.095088242416923,1.899879080819981,0.0,3.1653666337849096,2.3136850017489596,0.0,-4.855055456658244,0.575855151036524,-14.435424726211572,28.833061646221182,-3.3447050737621598,0.0,899.5694071635985,899.8491112984528,-0.24474724986558527,899.899844148413,99,72
1.5000000000000009,-17.65245589050943,-2.3271868475389743,0.0,4.368984302917603,5.0482193225949885,0.0,-17.119286670789496,-1.8342328472073914,-15.844399874058078,28.852920769166946,-3.840820547694177,0.0,900.3077045214229,900.2349178552633,-0.0968088701890783,900.6217716749888,100,75
1.4400000000000008,-7.244856655359939,0.9708631153538937,0.0,1.201329854329117,1.294746454629676,0.0,-15.288739441945804,1.558284512301337,-16.57258132050364,28.757412648632886,-9.754884708046179,0.0,900.3773238375752,892.3487224468071,0.8449443880429812,900.2315146032865,101,72
1.4400000000000008,1.9424566875013831,-0.765675750105238,0.0,5.6656919934135,1.7821282540534913,0.0,8.772107788917097,4.036270061088721,-15.55992391767528,13.268636819402557,-28.792475424625465,0.0,900.5344768334162,61.808773535530634,689.852226605259,884.7049861312624,102,72
1.3200000000000007,-4.770591862902544,-2.515313492673268,0.0,1.540009538216779,5.020785521139274,0.0,-2.344445469395722,-3.227431974865384,-15.397270377911964,26.537605413460746,-17.161928375836904,0.0,900.3054789539632,816.2112912076674,20.680819312469943,892.381638936617,103,66
1.740000000000001,-4.744297318714773,-5.746835974183109,0.0,0.7293429396800146,0.12790495482646502,0.0,3.1478856378679962,-3.5656849981433103,-8.558289409743205,10.965023820733387,-28.50648478212817,0.0,899.8962966209835,-0.06439844781936677,899.7521884496723,899.4850457804806,104,87
1.560000000000001,-4.326727607988818,-0.43406749021106433,0.0,6.008949222559192,4.980891797156737,0.0,-5.387671245429597,0.07532619469604898,-14.979340068841571,28.650146858979102,-15.842279590648138,0.0,900.4631521783633,829.6158584755783,1.875192219229898,898.3194005142284,105,78
1.680000000000001,-11.911935462259658,1.9791524213022187,0.0,3.2563835600581506,0.0859304224284303,0.0,-21.807471702450304,1.9744827159847897,-13.45688306649907,28.827721773702706,-5.789510610659899,0.0,900.0689147573753,900.9598677950358,0.2820744082870843,899.8255043427852,106,84
1.3200000000000007,-2.9413208532006494,-0.28692090206479,0.0,2.785786056047666,0.8583091295373455,0.0,-0.4015771068032273,0.792766866016364,-15.221321840038371,28.12328921762712,-23.677891516854427,0.0,900.3251109910091,33.88092980627799,225.16150626796355,893.8154314651207,107,66
1.620000000000001,0.41404640169432355,-2.0875576363786963,0.0,0.4011254236362154,3.436935195287532,0.0,1.647707919934564,-5.701745059472136,-16.28662908669779,13.049570271092168,-28.838148086668287,0.0,900.1351792840308,1.051004636544519,842.215809575181,896.2098707383285,108,81
1.3800000000000008,4.510812407683427,2.288421338310463,0.0,2.0606680952046776,4.184063109498911,0.0,3.777481820025646,1.9183373712329503,-13.9113260066187,17.964653390134714,-28.615775441559666,0.0,899.7742042579277,87.13540012672932,555.0140387402158,674.7553531530519,109,69
1.4400000000000008,3.7886816730377593,-0.0028515152137161865,0.0,3.1803285436154134,3.677071879630237,0.0,3.976745662556963,-1.4054083088774,-13.543041957632445,24.171092889584227,-28.56934607418305,0.0,900.0566657278827,73.63224324183047,83.69749374383994,795.7414509961428,110,72
1.4400000000000008,-2.1118125815020843,-0.17053613850015528,0.0,4.724773863502891,4.8793688626444585,0.0,1.5290506740695164,0.1401480189197121,-16.20754843228668,24.417488723769356,-25.846411981591416,0.0,900.4808553753916,29.38508988946676,575.4791619212818,858.9728859636627,111,72
1.560000000000001,-10.158498184865959,0.9214601595481154,0.0,0.36588953736371543,4.580923706445965,0.0,-5.690601926873274,1.2473578815387707,-14.773811838395744,28.832852775969695,-5.089327011911203,0.0,900.6030296732421,900.3460522470564,-0.39603645044434066,899.722484319298,112,78
1.4400000000000008,5.695875080416933,1.180087554476881,0.0,2.3170470170970354,0.3960326596523682,0.0,5.022595056793386,0.5030948746627619,-12.93115437950614,20.277763532187112,-28.82778143064747,0.0,900.3963135107169,26.114011533248615,87.41854828287292,700.0336453619775,113,72
1.3800000000000008,1.081386665938915,-0.3781500432604276,0.0,4.211055006142786,0.9062281558158736,0.0,0.9958154444520869,-2.8192757878759713,-14.769877160705851,26.9350955368241,-28.752889266099746,0.0,900.289122216893,58.65518945949226,12.07684394977033,863.1131421659682,114,69
1.4400000000000008,-3.0968029635159464,-0.6268447477499283,0.0,3.039784890800844,5.988675450248758,0.0,-4.345288114309794,1.3010725228907543,-15.107425493634008,28.77450711426024,-12.408577426498494,0.0,900.4350001142615,884.5169870338894,-0.40120651550272834,899.6372122172733,115,72
1.560000000000001,1.4905098418841465,-1.105087689711656,0.0,1.6026388278930117,5.648036907557557,0.0,-0.03730640334857213,1.8033899637879158,-14.574881385609988,22.809075303468223,-28.812779656279446,0.0,899.4442852090262,26.147990269224266,22.904461972562956,867.086551846544,116,78
1.2000000000000006,-0.6401111089169367,-0.39107774921205607,0.0,5.238508557231922,4.363679244280469,0.0,-0.6892332677554303,-0.14632567759722684,-16.65092089877802,25.581839392929943,-26.352437562049133,0.0,899.8805097170206,41.36191039912331,15.817045395157516,862.1248760129841,117,60
1.4400000000000008,2.3905543846704096,-2.1450491124245152,0.0,0.3139252098397929,5.508119447700395,0.0,3.4867966312395184,-4.839422445849704,-11.26547503497525,26.34381406824061,-28.818690779126463,0.0,900.2253244710319,46.323770619897175,12.94878700160056,808.8442042075051,118,72
1.620000000000001,3.231142256648786,-3.5878788419200665,0.0,1.323493193473415,0.7966778531633487,0.0,3.2317042452468696,-3.331614360393932,-12.244716830673498,23.125728631613246,-28.820534028774652,0.0,899.6582350179938,8.30952809762892,187.97659775186995,752.7028452124181,119,81
1.3200000000000007,-5.257172656081599,-1.4922554687280447,0.0,5.6254284499079095,4.803057978016021,0.0,-0.8545454632485785,-1.50403039341979,-17.07546668215174,28.81879860772413,-10.201061646567544,0.0,899.6666446547872,893.6046177914739,-0.4429423266314686,900.1268753566998,120,66
1.620000000000001,1.9819715642167397,-3.8370266337385788,0.0,1.4341747549614814,0.46335636344619324,0.0,0.6673327025966989,-2.9371698194604656,-16.475042455270867,15.007548353976873,-28.849712845160777,0.0,900.5150147819245,0.30353498171787274,639.8727174273804,872.2078070554034,121,81
1.3800000000000008,2.6459825669233394,-1.9099071976587134,0.0,4.665442793627701,0.7926109820473002,0.0,1.5993689702876148,-4.339786615575954,-13.833889396807477,25.96403536403082,-28.82110521994166,0.0,899.8610969730398,13.793008976506547,16.140012791678814,832.9845294669536,122,69
1.5000000000000009,-7.319006084259798,-2.8871665078171973,0.0,4.39928307403396,4.393807479551272,0.0,-1.9007509737483503,-0.9567402940214246,-12.826886130204404,28.826252325997157,-9.696009721226329,0.0,900.9926471942075,897.739483947331,0.21627780614727082,900.0067474084026,123,75
1.5000000000000009,-15.564016922136203,-0.8755809283280702,0.0,1.0379761096658422,4.582111445400233,0.0,-14.91539796702697,-0.5404219212541157,-15.561985292545087,28.817582373931902,-4.887219244810201,0.0,900.2854810509438,899.8084110959832,0.18977419210756957,899.4952801063569,124,75
1.560000000000001,3.866245336989942,-4.805569844418656,0.0,4.008996824227115,0.23030405898705997,0.0,2.468171421633317,-3.260421861359793,-12.411227928595185,8.397549048239235,-28.84024882339266,0.0,900.1645266474197,0.6932346032538571,860.1703880838496,893.1270431360952,125,78
1.5000000000000009,2.916876542905127,4.986403191658334,0.0,3.728637408660367,2.5445436527227976,0.0,2.793717683663509,6.826025541237608,-14.486321179921697,6.471488134103312,-28.833347326222167,0.0,899.9813194907892,4.61132435353476,378.3709249567743,36.63234430590099,126,75
1.9200000000000013,-1.9759614258916633,-8.519992495843193,0.0,5.944623384438863,5.721606205937062,0.0,-2.2858563198210753,-7.540050519365332,-12.759317869400423,4.572976541857239,-28.828992771245552,0.0,899.7006535266913,0.15401957696335397,899.7165530263356,900.1970578288576,127,96
1.1400000000000006,0.645976438127978,0.9731374323372652,0.0,5.009838670827831,0.2361109130530883,0.0,0.07952861068764089,0.8348504722511699,-19.197736718769978,25.78715598363917,-28.83497767279073,0.0,900.1559402319147,7.192110878837229,10.382050048678979,827.923810690542,128,57
1.680000000000001,-3.306579249698558,-9.01004106831319,0.0,0.4173513597611205,4.457577298890733,0.0,-2.3036555719549363,-10.468056407099965,-11.489390454905228,5.606985164432238,-28.829459799682734,0.0,899.7664560191885,0.19524744176005596,899.5246132713363,899.8703332168197,129,84
1.8600000000000012,-4.121145638291013,-8.649266974934754,0.0,1.7975732549976708,5.770051005725951,0.0,-3.329422395954331,-6.8129910550284905,-14.545290340418914,5.355905827723975,-28.83456071175702,0.0,899.854073619683,-0.1345478853087751,900.5625775656692,900.689753863589,130,93
1.9800000000000013,-4.478159293036928,-8.61411436477757,0.0,1.3820714584642086,2.39193994540787,0.0,-0.9525127928988546,-6.804044232352649,-13.279463552187162,4.768109163366358,-28.84204049915474,0.0,900.2001392618077,0.06228276944939023,899.785259327008,900.5026743202471,131,99
1.8600000000000012,-4.674087828461716,-6.8431383463972075,0.0,3.645079075600716,5.857757617455719,0.0,-3.8020268152806342,-4.122810118636253,-13.917810597927964,6.336503855040133,-28.820295803709588,0.0,899.5810952959126,-0.42413732926067194,899.4897733295848,900.0097601575316,132,93
2.0400000000000014,-5.071282715667729,-12.252100052007133,0.0,5.67707540407398,0.6677556674798923,0.0,-3.2855807340166683,-9.351664829819425,-10.764236139876974,5.8415738412092555,-28.83594869570254,0.0,899.856273322305,0.15128098134735218,899.7469218444523,900.5451282461497,133,102
2.1000000000000014,-5.291354391863544,-15.528426997550769,0.0,0.13033872724186324,5.1627507071724565,0.0,-2.8391168553136565,-16.806798808923396,-8.813330532356046,28.71318916014355,-28.828774753018045,0.0,899.7458704718508,0.4373816701280979,60.65425386222108,900.1004571343609,134,105
2.4000000000000017,-6.091365359396024,-19.657059744063957,0.0,2.48108792238631,2.789415072569936,0.0,-1.5739838560338546,-18.002096668548877,-7.845794348032554,28.840812361372205,-28.83267691805746,0.0,899.7857142145206,0.4525994834351632,0.20198890342114306,900.0404130729635,135,120
2.580000000000002,-6.6541901036775535,-22.114905188654774,0.0,1.158269885540549,3.936800235787338,0.0,-1.870387315238212,-18.566665269214624,-7.742667462109809,28.41275542656585,-28.820554319925126,0.0,899.5787428652122,0.13457834419516757,0.47438626399937833,896.1618004983087,136,129
2.580000000000002,-6.556930037415248,-22.149627128871725,0.0,1.1288468266806975,3.903718954946811,0.0,-1.7928512413711086,-18.641283609783134,-8.125215562137416,28.18323668608395,-28.837935030149236,0.0,900.0180907483674,-0.06183768134140921,0.1639425126301369,894.4703458169664,137,129
3.1200000000000023,-7.923403164809745,-30.6226219743179,0.0,4.472492138761025,0.9436266477210822,0.0,-2.536434722908125,-19.584071132063134,-5.720469739572213,28.826979164059708,-28.831530255132208,0.0,899.9686502543743,0.19132210332552674,-0.125925794746247,899.5952359104838,138,156
2.4600000000000017,-6.233215494732933,-20.569976430049177,0.0,4.192801719141322,1.077867839685572,0.0,-2.58690315615714,-17.79221692585371,-7.316510223780464,28.837499702711806,-28.84762043428364,0.0,900.2321111803093,0.20025702603519677,-0.0027916866846089405,900.0792655616,139,123
2.940000000000002,-7.5397433297669405,-27.556424230202847,0.0,5.609008007497959,6.088171447012157,0.0,-3.00721156152863,-19.150892290852987,-6.233722666859858,28.85377925546118,-28.85185803623328,0.0,900.7386683344519,0.13284074433508739,-0.5107534900254334,900.7231098487276,140,147
4.319999999999996,-10.590248348983895,-51.51859089157559,0.0,1.5631689437680105,4.046804494176987,0.0,-1.5092234579336075,-21.780800544608613,-3.6000107510673094,28.841868863054515,-28.82190382832651,0.0,899.5603976918219,-0.01426437016414916,0.43956159401592126,900.2569113582355,141,216
5.0399999999999805,-11.9329739976451,-65.05526703822234,0.2364338451967925,3.4989780382546165,2.1488142482132293,0.0,-1.0676538711529795,-22.59688185822699,-2.8268846939890646,28.837108613224895,-28.835771686603454,0.0,899.9741590717656,0.2710109657224195,0.08601810184607453,900.1134499202899,142,252
4.559999999999991,-10.971697579296679,-56.18011420464892,0.0,2.1967429054957535,3.367452309951423,0.0,-1.033432487244752,-22.42320342492819,-3.916313708791712,28.794969883700123,-28.84301408343395,0.0,900.2018174282953,0.005316133807995949,1.027511401323516,898.7575806119831,143,228
5.0399999999999805,-12.193663800547222,-59.88467820022887,5.4571197888300755,3.58013506484364,2.1366445792134705,0.0,-1.1628394233917665,-21.05468782506984,-0.8589257413778724,28.814705726433306,-28.849676610631864,0.0,900.5134977977924,-0.044538196166010124,0.17590954639306472,899.3689189236588,144,252
5.0399999999999805,-12.271521085766926,-59.45185638798665,5.883419344459824,3.584060343826348,2.158394574432041,0.0,-1.1691040392058256,-20.90455073290991,-0.6875516398092614,28.844186534877945,-28.827303547514436,0.0,899.8133097867482,0.20026441242062704,0.3949233315529306,900.1948235737611,145,252
5.0399999999999805,-12.162043506868805,-59.88795730870197,5.315983386204396,3.58243067942408,2.1481113691608638,0.0,-1.1569449891909132,-20.99209996334748,-0.8200630410310477,28.838764917116077,-28.84702852851554,0.0,900.3353932021935,0.7595620604312568,-0.4220102281222168,900.0647006455561,146,252
4.799999999999986,-11.428843118433788,-60.6632136134364,0.0,2.885823607204223,2.7278387538273705,0.0,-0.9185630794710623,-22.610537897660052,-3.3801910052242525,28.8337663919612,-28.82985391845363,0.0,899.7816191240044,-0.07280787796763666,-0.21160168983672,900.0284521577984,147,240
5.0399999999999805,-11.979231218280583,-63.488065626518775,1.9570524349341807,3.5170271557578623,2.1395476358165926,0.0,-1.0921950780389305,-22.203500119614493,-2.2644409739713813,28.82910917642557,-28.843662868468368,0.0,900.2756454746407,-0.022252293487484053,0.14277604840819152,899.808224994862,148,252
4.979999999999982,-11.732126748499228,-64.19271317387849,0.0,1.8090096568036014,3.8483217357811714,0.0,-1.1457922055603222,-22.467504789299536,-3.072319158176509,28.827296083404633,-28.83116681954253,0.0,899.7338269668479,-0.20662525669717416,-0.39342494654374655,899.6599979256284,149,249
5.0399999999999805,-12.054422275705274,-62.596862464762346,2.862308272990214,3.5252153190197166,2.1280884048356583,0.0,-1.1149746952084472,-22.05208211245673,-2.0371703961473617,28.828230523286113,-28.82783427198657,0.0,899.73406929461,-0.3988789668544932,-0.2889852417829616,899.7583595409725,150,252
5.0399999999999805,-11.930829424269056,-63.69056223115562,1.6852898164067076,3.55857646669161,2.067697667368737,0.0,-1.11984382666065,-22.38090982025956,-2.5006059712825524,28.826782293996448,-28.854234651704562,0.0,900.6760646194433,0.4899056712381076,0.13348792338751264,899.7560381293415,151,252
5.0399999999999805,-11.915711205381768,-63.36046560043007,2.075375696185636,3.5759982657955334,2.084323160580329,0.0,-1.1182435223209084,-22.134177939839255,-2.1786449462210733,28.836125427117985,-28.844640924775565,0.0,900.430894300889,0.7399337874427911,-0.5779624763876469,900.1194973069076,152,252
5.0399999999999805,-12.068505499770696,-62.51585200998882,3.0886721263905415,3.533676373724921,2.139626977114668,0.0,-1.110041095756191,-21.987401449555176,-1.944445801790088,28.83832413169781,-28.842140002450204,0.0,900.216707154143,0.3044468765395071,-0.17110148492253968,900.1216179075241,153,252
5.0399999999999805,-12.031469238295404,-63.30001155053646,2.0752645174350643,3.5460725773281947,2.0728907501947127,0.0,-1.1274720855315534,-22.402179851761087,-2.4966372010158597,28.832168979589987,-28.840397543950182,0.0,900.1712269492327,-0.033726387437683025,0.316039803770896,899.949799477495,154,252
5.0399999999999805,-11.844224548518268,-64.20652495026386,1.2034763478895423,3.5484366730061367,2.100411875831984,0.0,-1.093390107932002,-22.304789077117352,-2.42023690936754,28.853087924725415,-28.82170678180752,0.0,899.5651219077321,0.27694032354076786,0.1062986407439176,900.6976821652335,155,252
5.0399999999999805,-12.066258765286625,-62.953132966660355,2.707113634982739,3.525070146779381,2.118387076401552,0.0,-1.1133265297462451,-22.202430460036215,-2.1994412011371165,28.842251965605836,-28.842481153666235,0.0,900.2874185926535,0.23616583288859483,-0.17427470320183186,900.2969053142932,156,252
5.0399999999999805,-11.870548822107342,-63.961849242483844,1.5293968371610236,3.5733749745094876,2.0958271593300495,0.0,-1.104804386543306,-22.193604487701187,-2.2761784658904864,28.82486896054032,-28.825380929248578,0.0,899.6224042519813,0.08342696715366146,-0.1830029455694301,899.4588439963055,157,252
5.0399999999999805,-12.094151746883904,-62.72553067063185,2.8117805404809793,3.556576026494101,2.093213500636603,0.0,-1.131889031691675,-22.192116629340003,-2.200022715166162,28.85409677382421,-28.84755168104292,0.0,900.5061071479155,-0.7313020698968542,0.4192878157253739,900.7002705313491,158,252
5.0399999999999805,-11.889517410980911,-64.76870388481917,0.5310912977188433,3.521122792604647,2.093589079342067,0.0,-1.0864858919433051,-22.6567511223185,-2.872993883644992,28.84467637594174,-28.849102658053692,0.0,900.6274709666676,0.15971776672360194,0.29286200632492043,900.3587470928953,159,252
5.0399999999999805,-12.054412600842612,-61.30429728241658,4.170662494944129,3.603567503695089,2.1102242078598845,0.0,-1.147662158335569,-21.43365020393172,-1.326921722075797,28.83363193352971,-28.824616184131575,0.0,899.8386537098995,-0.5005813395122068,0.7880982982739572,900.0537695107437,160,252
5.0399999999999805,-12.002096874476386,-64.72055431718339,0.5968307570502999,3.504620432012052,2.1372457187080887,0.0,-1.0828924910491502,-22.56524935371128,-2.7602112216127477,28.837347131357962,-28.84201492678145,0.0,900.1601090368255,0.07017126754521882,0.30784795285890404,900.0909402646171,161,252
5.0399999999999805,-11.976510892410733,-64.39560017164085,1.1073274370539374,3.540312829000367,2.117502005682338,0.0,-1.0998210952275018,-22.358604452202734,-2.480060599556979,28.836440290322262,-28.84011613774294,0.0,900.2906767016777,-0.5199587867677462,0.7194570564933594,900.0857985490076,162,252
5.0399999999999805,-11.865267123219699,-65.04954020906999,0.23234026826893858,3.5069614000014955,2.0792003174923277,0.0,-1.0838659558605732,-22.900254220811167,-3.2172608636684563,28.82479086379911,-28.84280347840313,0.0,900.3675628341313,0.10942033649941137,0.30200911213292936,899.7329969193872,163,252
5.0399999999999805,-12.014819036310442,-62.12054779479697,3.328283196094534,3.6009469752947982,2.0552534084076477,0.0,-1.1549284421409445,-21.926226908188077,-1.8811814827925473,28.82686167225311,-28.843469290814763,0.0,900.2816325264633,0.14035914563541826,0.2223733367978055,899.7036362559861,164,252
5.0399999999999805,-11.909677091329893,-64.77936631336023,0.4939947995985067,3.534253845247399,2.101025251697898,0.0,-1.0980425227325525,-22.44692697914623,-2.6366765663125746,28.819614767976034,-28.858035383575057,0.0,900.662558039378,-0.502248353128416,-0.3465233871808189,899.4182997281803,165,252
5.0399999999999805,-11.928193900881324,-62.89592769205141,2.4178645379660795,3.563229637057029,2.0504294350196908,0.0,-1.1332196445834832,-22.290738374612655,-2.3617739238716617,28.83126101516728,-28.839768151468,0.0,900.184312535693,-0.4416990192659094,0.5705945581986138,899.8806818870071,166,252
5.0399999999999805,-11.963002340436985,-61.889034002570575,3.5536236708525206,3.5961029371468243,2.090405906326888,0.0,-1.1367441667071778,-21.707112583021047,-1.625158395536018,28.852774735591378,-28.845222137613366,0.0,900.251861445812,0.3385440260076184,0.2623781452706135,900.5257929750564,167,252
5.0399999999999805,-11.972454976915,-64.60978090431976,0.6210402243426437,3.512970796778472,2.0946948909525975,0.0,-1.0993924503688757,-22.6998587500126,-2.9324620714693688,28.823512743715707,-28.83960589802093,0.0,900.1855612554097,-0.2505743359603183,-0.16919507307454465,899.6687581465604,168,252
4.859999999999984,-11.572792405826966,-62.11530566478172,0.0,4.586606579452008,1.0284544821947863,0.0,-1.940079754348376,-22.18127562756731,-3.3386436782550377,28.831627219466537,-28.809821397300993,0.0,899.2055842113734,-0.23304429243659094,0.5761763433340356,899.9693860486142,169,243
5.0399999999999805,-12.022863061321642,-61.51171270881025,3.8636082805037315,3.5929701714513804,2.087614050799651,0.0,-1.144412874500349,-21.723857272773714,-1.6376867817274672,28.829643972622616,-28.834424579860244,0.0,899.9678430034063,-1.135804542142914,0.26889659900595275,899.7507780182887,170,252
5.0399999999999805,-12.001863385115506,-62.150195332884515,3.320923795481322,3.58939845156023,2.1065798703323733,0.0,-1.1340774548256425,-21.661866067498252,-1.5860183693530066,28.841585057536584,-28.843580279068888,0.0,900.2295743422718,-1.3349898943164697,0.058096447621687364,900.1532993328302,171,252
5.0399999999999805,-11.900155428396342,-65.28201891921498,0.11388068738758315,3.5171892011472927,2.110245353951573,0.0,-1.0805301887810403,-22.6988842823476,-2.9354145354111343,28.846359108338525,-28.846166914315507,0.0,900.3495954045488,-0.9471450629848595,-0.20926525212960337,900.3853405505539,172,252
5.0399999999999805,-12.256346953416555,-60.156318717479046,5.262725593419351,3.5349687708439497,2.1307324294360868,0.0,-1.1531736426377444,-21.58654388656782,-1.4049831276007398,28.835037493625887,-28.845668303533955,0.0,900.4160954505388,0.5292607774471267,0.6282591135086433,899.9996887095659,173,252
5.0399999999999805,-11.963811843877538,-63.98197143481963,1.4280925307869041,3.5355856420376455,2.1144211078495143,0.0,-1.1013377328710974,-22.325665126807376,-2.426382369378521,28.849055235702227,-28.817553727008683,0.0,899.4495770999333,0.11583174758728887,-0.40394738789766843,900.381767825254,174,252
5.0399999999999805,-12.403368326375917,-56.92795848442409,8.204546879479956,3.56264368018876,2.175545367172788,0.0,-1.1951558209288924,-20.292506205825493,0.02583243085994319,28.835167745747174,-28.853966381955118,0.0,900.6504201304595,0.08432726528437598,-0.5396464571250777,900.0058172143509,175,252
5.0399999999999805,-11.776770000947739,-64.5893055904405,0.7776322319616187,3.545023970825044,2.0712108125046313,0.0,-1.0873745904552756,-22.62448381895674,-2.8288251536182054,28.843698473831495,-28.834643254137315,0.0,899.8961402526434,-0.7412609002153566,0.6323548714012484,900.1961715072343,176,252
5.0399999999999805,-12.069186498449803,-61.29189718727579,4.022935445473318,3.5775398415417534,2.124780417099279,0.0,-1.1388575017502696,-21.52047226008933,-1.4124317996210194,28.85907139417756,-28.822529128381458,0.0,899.4687078560647,0.23394065659560767,0.502280897500724,900.7413158758048,177,252
5.0399999999999805,-12.335136358766826,-57.13347975222834,7.8626893889896285,3.6434488720004214,2.1363589218957166,0.0,-1.214280871016454,-20.125433999383603,0.11338841454008089,28.81617508455417,-28.85613101996402,0.0,900.7986355525592,0.017586987494153855,0.4293842519738813,899.4601881249541,178,252
5.0399999999999805,-12.177283246404933,-57.678019983531826,7.363797296204699,3.646934869379738,2.1215973586558547,0.0,-1.1980734157940967,-20.250901764828825,-0.02212869268363893,28.82726358643411,-28.833091715701524,0.0,899.9492627459517,-0.9533910163759178,-0.04143265099703891,899.6217315151822,179,252
5.0399999999999805,-12.101426466660929,-61.58562822021858,3.78216828499195,3.5116548339857694,2.17280594934131,0.0,-1.1111932722528763,-21.691076102074717,-1.6087425928270838,28.820850127116355,-28.808889278651556,0.0,899.3389826651677,-0.2078375318090235,-0.8057210639971866,899.6139529450662,180,252
5.0399999999999805,-12.058149986120076,-62.10736688298888,3.5455915928368897,3.547270687370233,2.1021874266864344,0.0,-1.131138497638392,-21.94138435075122,-1.8635613521439938,28.840178706318028,-28.8431825792262,0.0,900.2284255291348,-0.861733777374243,-0.2459991438432427,900.2338586133313,181,252
5.0399999999999805,-11.914157232713563,-63.214331723097416,2.1615623532471253,3.559561995212217,2.1058597579753933,0.0,-1.1053262729506461,-22.151189265271856,-2.2044480544261997,28.84483360763696,-28.829208352305105,0.0,899.789200460614,0.3763008725989665,0.2695181928652009,900.3611769005224,182,252
5.0399999999999805,-11.950326892952306,-62.645702317262135,2.617520725629507,3.5678465835925106,2.125571885405485,0.0,-1.1133216340240888,-21.8183036628486,-1.8177186752111667,28.841424346769795,-28.833083454895934,0.0,899.8968633191378,0.3219163306062918,-0.11397820634385172,900.3558624246541,183,252
5.0399999999999805,-11.97211759613011,-64.13014972545004,1.406063267168744,3.5310591417511716,2.101658025418283,0.0,-1.1014245690304787,-22.44518169809609,-2.568702455473969,28.82265806306567,-28.84342187179225,0.0,900.34530565478,-0.1362118896773719,-0.017279826555329336,899.5681180126259,184,252
5.0399999999999805,-11.991258702664572,-64.47047413428574,0.911661730457382,3.5281719843326567,2.0834005045754758,0.0,-1.1115511730514902,-22.605233077453107,-2.79581740151887,28.808675007696852,-28.838520792835695,0.0,900.1154884420421,-0.06668667164965342,-0.20568770792527574,899.1539829708602,185,252
5.0399999999999805,-11.874714874368262,-63.05264417964875,2.371003739167357,3.57381216817663,2.1025960786548836,0.0,-1.1137548651911944,-21.855538558194407,-1.8634620241429394,28.83847709957227,-28.845209107598315,0.0,900.3799000932692,-0.5891358591645195,-0.12256772407144004,900.1877699870179,186,252
5.0399999999999805,-11.775783828787274,-64.79641496968753,0.2942103423086176,3.546106501704509,2.048536141192262,0.0,-1.0921560307222706,-22.841704597162174,-3.1678190248582387,28.838263803238128,-28.835965734947884,0.0,900.0904945239922,0.1486492066184593,0.27057461465667365,900.1426756707771,187,252
5.0399999999999805,-11.753013636745012,-65.31207403853256,0.0,3.563086770641089,2.049676761050735,0.0,-1.0885273137966898,-22.80418825663586,-3.1173700528560198,28.833494780849957,-28.82712618945537,0.0,899.765846151835,-0.1414905667638407,0.7955643249302141,899.8660790084723,188,252
5.0399999999999805,-12.099017747222678,-59.58801619861443,5.6461135203018955,3.6016287565694487,2.0871160315363646,0.0,-1.170117929955305,-21.205298485513406,-1.0094779008282246,28.836576732707023,-28.82454875139667,0.0,899.6783544693419,-0.5044693451760522,0.25445388265199453,900.2430792193718,189,252
5.0399999999999805,-12.029642594206098,-62.55264586606687,2.771563439275979,3.5598897590935703,2.0647426795964012,0.0,-1.1396406575769689,-22.217565629988822,-2.2424690399566467,28.830632665253592,-28.855178921113545,0.0,900.5047204016084,0.07318113976999147,0.39482621904409965,899.8488182297787,190,252
4.739999999999987,-11.231366424381841,-59.53810832916124,0.0,1.1412529077683269,4.473754105113731,0.0,-1.7282945950469506,-22.526622336107252,-3.2982152999433496,28.834549565129205,-28.838128990929075,0.0,900.1368787019428,-0.5255712398015105,0.7602834212271712,899.8851058752292,191,237
5.0399999999999805,-12.308926016069503,-56.944384253293144,8.08626497257399,3.5948229432206364,2.1641783480306565,0.0,-1.1888749683133384,-20.301587989471436,-0.007278382038475806,28.838564272012306,-28.84377633173458,0.0,900.1450874122733,-0.9411070449190985,-0.46245581818668785,900.0254112067421,192,252
4.979999999999982,-11.82937616993155,-64.30361967837563,0.0,1.7666858080184475,3.83095932567149,0.0,-1.1171300698009201,-22.887401399620686,-3.570332932879455,28.838164004918582,-28.840321813511377,0.0,900.1306122359558,0.34289809938725846,-0.019702148760857602,900.111603255743,193,249
5.0399999999999805,-12.02905652605237,-62.855317410571494,2.597142595505768,3.5408014270333616,2.1327530788087827,0.0,-1.1085457625478599,-22.05312235646641,-2.064393135683052,28.835911034333233,-28.823653539649573,0.0,899.5709780679391,0.28634047397856865,0.18144185345698008,900.0857059120943,194,252
5.0399999999999805,-12.147700641434664,-59.43409396236512,5.707801442502258,3.60347665119707,2.082173049840728,0.0,-1.1785608652005002,-21.318093619512947,-1.1144995876911494,28.855635802870815,-28.8401627821769,0.0,900.0185617898942,0.04360872493404713,-0.42864605426768854,900.6452806416142,195,252
5.0399999999999805,-11.866016023352465,-65.17897931286242,0.24751928269178106,3.510256590898063,2.0941460550697197,0.0,-1.0751724540933134,-22.84928344733791,-3.12957733896296,28.838847331661032,-28.846351010833054,0.0,900.4253170558444,0.06986987506311765,-0.11848014045774011,900.2114669145144,196,252
4.919999999999983,-11.675921620706847,-63.0425315534701,0.0,0.07042370100121431,5.5324624360009445,0.0,-2.31260973973259,-22.821796514173396,-3.696705186532246,28.839587681666977,-28.8120636269041,0.0,899.310755865627,0.05398050965971392,-0.15616702806985364,900.2188806458925,197,246
5.0399999999999805,-11.96631567149477,-62.507851420787084,2.973909934652419,3.552379549142458,2.10501040598378,0.0,-1.1153558768888623,-22.036905476473507,-2.0300431175868474,28.837229083979416,-28.823852402470152,0.0,899.638094674112,-0.7440788666435119,0.04696490743101278,900.1857827302345,198,252
5.0399999999999805,-12.117839046706472,-60.57418175768023,4.758385319180217,3.5785860829593297,2.1293208024051573,0.0,-1.1469342676853678,-21.364070573198333,-1.213883873666879,28.83680793591181,-28.830594740753035,0.0,899.817052231643,0.2691190884089971,-0.3895097232535261,900.23815717348,199,252
5.0399999999999805,-11.898400528296234,-65.07184763136124,0.49289560849956154,3.5114956114710587,2.1059738373059282,0.0,-1.0793435957614534,-22.704882671630916,-2.9206997764076763,28.850176231535745,-28.83144161579669,0.0,899.8591875588795,0.1944558441005403,-0.08890801839465931,900.6086672202891,200,252
5.0399999999999805,-12.153029907412138,-60.377844554956724,4.952884413599765,3.5898710319100005,2.14304856316744,0.0,-1.1554966088646792,-21.080300917522354,-0.911285278223551,28.85515828252864,-28.8752395559247,0.0,901.4215278252009,0.6122399191122583,-0.013293318718173089,900.4887196677615,201,252
5.0399999999999805,-11.919749792718754,-64.11941157733408,1.2839706933749886,3.5457310340985906,2.079079371264683,0.0,-1.102780017505539,-22.540137594417608,-2.707021465412467,28.83046581268825,-28.83919410093493,0.0,900.0371791066565,0.17901565318191268,-0.2766752683888413,899.8564672958172,202,252
5.0399999999999805,-12.225833309769806,-58.34700360460115,6.901824013652334,3.6297970480778403,2.094318109053006,0.0,-1.2030473959878856,-20.68344777484556,-0.42339704724632216,28.835107749596357,-28.842550105738116,0.0,900.1657179893587,0.30640868044421254,-0.4649042562890522,900.1315851932486,203,252
5.0399999999999805,-12.076281592466259,-60.43335035717155,4.932090313609548,3.5732992036264957,2.114469983737349,0.0,-1.1428111532234841,-21.51135350441726,-1.355683555927064,28.839901130288016,-28.828868559174293,0.0,899.9098489634733,0.413401640746726,0.32208456642478484,900.1508244915326,204,252
4.979999999999982,-11.609387618058294,-63.99096186791454,0.0,1.7746236234949713,3.8286425415729433,0.0,-1.0986716019973,-22.65160639039498,-3.296292878947799,28.814912232644602,-28.825206485727062,0.0,899.672254730568,0.13913631668694826,0.25964834071088405,899.3608591529074,205,249
5.0399999999999805,-12.10669585375112,-60.58892458118563,4.851047076338636,3.5553309859654085,2.1400010885372733,0.0,-1.1346500229960006,-21.483233626589627,-1.3359182516030006,28.815393203107128,-28.80758905959371,0.0,899.2243257637267,-0.3055341663281925,0.04650910677522841,899.39934272184,206,252
5.0399999999999805,-12.073230915126066,-62.887191295250744,2.6875804654088737,3.5065626649443224,2.0934479490069524,0.0,-1.1179491855713934,-22.421483260905163,-2.47506022988366,28.822942536036162,-28.842371804710876,0.0,900.2819060253712,0.40505094585566703,-0.32226346814459095,899.7522679518851,207,252
5.0399999999999805,-11.918801277318396,-64.22188258070567,1.0998570479685366,3.5292365925551348,2.0897590433387183,0.0,-1.0983614728115747,-22.56516702025891,-2.750154396970934,28.82523500331716,-28.82789780424184,0.0,899.7863158812542,-1.1892504815315565,-0.23734074450758097,899.6681436472883,208,252
5.0399999999999805,-11.90432650319652,-63.93745900617594,1.3699123972093425,3.516523910837071,2.1175182970377033,0.0,-1.0836369985793501,-22.48841928001944,-2.639298616501392,28.83245371482693,-28.83878550362731,0.0,900.1570057249517,0.5489783303740672,-0.06323607851701146,899.9725005753604,209,252
5.0399999999999805,-12.246819218523694,-59.570872886513726,5.719847694083718,3.569090087507229,2.10785652141673,0.0,-1.1777928541509115,-21.291455555301162,-1.072684934221603,28.834101745136287,-28.848669068048387,0.0,900.344666630953,-0.13152988719459602,0.12797030994841185,899.9747133704469,210,252
5.0399999999999805,-12.368117102441316,-57.40120222259876,7.586266363782417,3.6003976470116523,2.1041334368256788,0.0,-1.2115014214768385,-20.84035931204878,-0.5543731141817668,28.824983368583137,-28.822069346402312,0.0,899.5072202363306,0.1524842164398698,-0.03344794721697192,899.7373139277581,211,252
4.739999999999987,-11.267687487007844,-59.52888966103338,0.0,1.1414772715500634,4.434283858031563,0.0,-1.6840802477651449,-22.734072803842235,-3.585108546110864,28.816349611576417,-28.827452049543925,0.0,899.6138739147292,0.08333634260754236,0.23593438593153798,899.4131162864869,212,237
5.0399999999999805,-11.988128713822677,-62.05782600765018,3.3712088438286023,3.5175027063320385,2.1340258768580416,0.0,-1.1020264348565332,-21.990348828112175,-1.955022092227295,28.827519093642824,-28.84978239216464,0.0,900.50002097066,-0.08067338868055376,-0.22608085364915476,899.8299193106865,213,252
5.0399999999999805,-11.851457864407287,-63.719055474959575,1.694753583907326,3.5925418831675273,2.0875401818329387,0.0,-1.1149307597081939,-22.067719298694314,-2.1233060747716475,28.841052865397053,-28.858245995500827,0.0,900.8276265189237,0.18732105054562367,0.38961964272068345,900.102710443039,214,252
5.0399999999999805,-12.277318076680343,-57.43548446807296,7.603660605666591,3.629286081066457,2.1217550701641024,0.0,-1.2039335726385623,-20.416875300479347,-0.15428598214561495,28.82948243498978,-28.821580396471887,0.0,899.6344326106633,0.01217279403019668,-0.19631121798009538,899.810298486199,215,252
5.0399999999999805,-11.925146004757817,-63.289273324320945,2.2001973584242442,3.5265885550800142,2.082017915501174,0.0,-1.1074116687941784,-22.420313822379928,-2.507589967271695,28.838017047144305,-28.8459768986775,0.0,900.2854100525916,0.48969976415041017,-0.21213176170377968,900.2475425956575,216,252
5.0399999999999805,-11.963002681113919,-63.35594280924979,2.141153414537003,3.5303826472191417,2.1311859745338815,0.0,-1.0999476647707342,-22.094850498196234,-2.1231235726539333,28.818866190807004,-28.831905647835598,0.0,899.9336094025376,-0.020183124098904992,0.26309376042702326,899.6566211932396,217,252
4.799999999999986,-11.225224195978512,-60.65512594604877,0.0,2.9575749817528045,2.6815655505419276,0.0,-0.894789461287358,-22.6048057349207,-3.350819206018515,28.835585219501105,-28.813865265270987,0.0,899.2935985244666,-0.14988620231191574,-0.2706085333550876,899.9041925997836,218,240
4.859999999999984,-11.544357862756756,-61.81812533690318,0.0,4.6309109039261855,0.985157274248051,0.0,-1.978576778801803,-22.081612208946726,-3.2313613714259546,28.849231824221384,-28.842695592070857,0.0,900.155440066488,0.33840574878723323,0.15145191900910968,900.4139115762118,219,243
5.0399999999999805,-12.081564210173289,-61.458132926010684,4.0563041261122414,3.5372625709696557,2.1346296506761533,0.0,-1.1276620303101688,-21.662524137860405,-1.546993434381935,28.831061329515716,-28.810406766685816,0.0,899.1032664455764,0.6643239319060498,-0.2611169386956522,899.7895697931453,220,252
5.0399999999999805,-12.214994207374145,-59.092394853626125,6.125063008820184,3.5618204433213894,2.114560484602718,0.0,-1.1737799849102664,-21.14736358452145,-0.9037428102283858,28.833550163170493,-28.86198102511341,0.0,900.9978382884035,0.40369700897410166,-0.2563516730711808,899.8128159703535,221,252
5.0399999999999805,-12.21167065549457,-59.81216976540129,5.603664599711837,3.5932767231044878,2.118327540465529,0.0,-1.167710985795613,-21.258641020685456,-1.0469804917232675,28.842637911541438,-28.84911348012174,0.0,900.4851281710493,-0.4374943588617507,0.45004032983522446,900.3378177472812,222,252
5.0399999999999805,-12.046773344302869,-62.71584460339783,2.9429378426735653,3.544451937569626,2.126202488193213,0.0,-1.1124143987777095,-22.007253885588685,-1.9697127836007176,28.852987031374983,-28.850298742574413,0.0,900.5465425068014,0.3662202217724658,0.14274264620523477,900.5466990762642,223,252
5.0399999999999805,-12.044713347395613,-60.89138477458724,4.467960577423644,3.5910339141563554,2.102409017739962,0.0,-1.1515769344505349,-21.429126690405496,-1.2830930036584647,28.84826137162331,-28.823265979095257,0.0,899.5827163729714,-0.12094667597954956,-0.3784656101193755,900.424238663292,224,252
4.979999999999982,-11.779089225262975,-64.13614998143359,0.0,1.7678892711728125,3.832534150118148,0.0,-1.114772120478107,-22.818989448818108,-3.486266079509242,28.837494255573343,-28.835486698129227,0.0,899.9301956280428,0.9136441078866284,0.7757223868949665,900.2319586237883,225,249
5.0399999999999805,-11.97416542858566,-62.75692328905421,2.6545359967002153,3.537917577777744,2.0907561276308773,0.0,-1.1198872441410543,-22.154451982760797,-2.1685871314860137,28.831122602720935,-28.84435523188125,0.0,900.1894008152543,-0.3585581185481138,0.1640333840625423,899.9426460784583,226,252
5.0399999999999805,-11.83353209473775,-63.71064658232144,1.584937511936923,3.5556635303603024,2.0477848913512844,0.0,-1.1103823583271282,-22.569340160247034,-2.7396215954553433,28.839469405172178,-28.83522027693481,0.0,900.1550758192445,-0.1314018909827267,-0.6411468059065459,900.1412353215419,227,252
5.0399999999999805,-12.017056503806439,-64.14090196594321,1.489759340870216,3.489084856928603,2.136158155809362,0.0,-1.0885707289958295,-22.451571596688733,-2.5453192012223838,28.831811699731457,-28.84742485770935,0.0,900.3821276602748,0.8908478974783263,-0.11141264233018378,900.081738564494,228,252
4.859999999999984,-11.496014549239396,-61.96557539377301,0.0,4.611880263818186,0.9979871356710692,0.0,-1.9585146747360256,-22.131785539536608,-3.3183883714148044,28.82283485379681,-28.830096299844254,0.0,899.8283325711137,0.5281765378548147,-0.28212916235168706,899.6322614611724,229,243
5.0399999999999805,-11.998754336761415,-62.030610641325566,3.292579124586317,3.520748897858372,2.1288034168644607,0.0,-1.1107342799472235,-21.947335542253416,-1.9016114414711751,28.832666195271166,-28.828037707995275,0.0,899.8171492261288,-0.33000250753820515,0.1366381628376871,899.95882348941,230,252
5.0399999999999805,-12.021751598979975,-61.562698906901254,3.837450385153361,3.599905602287757,2.115961284950563,0.0,-1.1393768895376146,-21.458446489128466,-1.3591397840418402,28.850822282815137,-28.842407906260416,0.0,900.4243692583565,-0.9197421511186893,-0.5059159993543707,900.5240816734641,231,252
5.0399999999999805,-12.066865477145347,-63.34257079079438,2.102002605830438,3.529226433951518,2.0814829666471937,0.0,-1.1271801588219676,-22.44390215194184,-2.5432389000966245,28.82519818808869,-28.84588526726496,0.0,900.4367994326184,0.3308029236652913,-0.8383345859387841,899.7173413173495,232,252
5.0399999999999805,-12.027311007555499,-61.47745281801996,3.775864997673601,3.5742793166800944,2.1209916441530297,0.0,-1.1388000858984721,-21.44732093650659,-1.367575489907446,28.829731768473295,-28.839905580529834,0.0,900.0680625399975,-0.5872272829512357,0.08148540754139152,899.816923014363,233,252
5.0399999999999805,-12.704261972693049,-50.39712432682965,13.10005764495941,3.645182197812039,2.2045205375225265,0.0,-1.2849566873913605,-18.224658829279498,1.9211018316473611,28.84407072949306,-28.833118233750003,0.0,899.9276252804052,0.08504438828802738,0.2947704375217207,900.2505684550565,234,252
5.0399999999999805,-11.829988203379658,-63.075880958380004,2.3784362819830505,3.6299932071808154,2.0292098295087033,0.0,-1.1438833988348374,-22.011950193807273,-2.035733675721011,28.828813313667798,-28.849429593446796,0.0,900.4498569992923,0.6997847028239927,-0.2337572258331524,899.7907660706863,235,252
5.0399999999999805,-12.188168802179323,-56.33245132298379,8.465797165929711,3.50668571416708,2.217821912152992,0.0,-1.1465830193745856,-20.202261740488492,0.12278513963812127,28.82104859159437,-28.81847288202459,0.0,899.3960072871541,0.18385736871506683,0.4772265608135475,899.6228748035122,236,252
1.680000000000001,-5.459670836044388,4.937309446392182,0.0,0.8980798929712854,0.8465196848476033,0.0,-5.73414485756827,7.010173772173643,-13.867375853910936,28.82426900947486,-28.807972085544687,0.0,900.2725244896562,1.1134581456411932,-0.4674205654067096,899.698339319699,237,84
1.740000000000001,3.1384247406558345,2.963683730454811,0.0,2.8079709207746326,2.8862759210279627,0.0,6.446760759976442,3.217047038032761,-14.604843492648474,15.80907994635394,-28.806738120761366,0.0,899.5479456176863,-0.0990294012800059,0.023322914372308295,4.4112424104843955,238,87
1.9200000000000013,4.6627869121013905,2.5129554115243984,0.0,0.5338541830186188,1.705478451510312,0.0,14.41265517445196,1.5873023695967754,-14.943463834520795,14.29214205098457,-28.484657145687628,0.0,899.634431465961,0.6531378410814488,-0.06489948460362105,-0.006626134580061449,239,96
1.4400000000000008,3.423724718630652,2.4619373346233293,0.0,2.3195199833558355,3.896365364410137,0.0,2.969946319347737,2.2526856339028787,-16.157749256255652,9.607378853943088,-28.823526680179494,0.0,899.7599299512234,6.509037250449458,-0.23600440313787885,81.4267451151253,240,72
1.740000000000001,2.8071842729374614,1.9934273897216435,0.0,2.5080843455912536,5.6766100597977704,0.0,6.419446271507629,3.511080435093884,-14.741096922656428,19.576909359155202,-26.565882547622166,0.0,899.9249570207757,170.0634424412319,-0.30881042607214915,591.1467707489563,241,87
1.740000000000001,5.635217177177153,0.3018460818966281,0.0,5.915043970333926,4.344736894230472,0.0,5.706283254601923,-0.012693592410357765,-12.864560572261777,6.993925450950505,-28.816809919507516,0.0,899.7624241962005,-0.2478284428076355,-0.6985908830173364,0.9232272438294858,242,87
1.8000000000000012,-18.626052271129602,-0.37011197946761076,0.0,4.334778225502678,5.759720877145877,0.0,-21.419790992968867,-0.34755292711684677,-16.883413571357597,28.843337556037476,-5.1239966594699675,0.0,900.1169414876827,850.1912129606259,-0.47787782839706916,900.4043961646428,243,90
1.620000000000001,3.1034078824114917,2.4559481475877636,0.0,0.9538282666090172,2.185032800637197,0.0,8.277158050242106,3.6621331603691027,-15.361517657912973,15.305590580145392,-28.451072027168237,0.0,899.4720188029305,5.013318230298632,0.08681537918607075,2.254020957424339,244,81
1.680000000000001,-19.511410093939542,-1.7821205121730674,0.0,0.9555329139885886,4.686576663718874,0.0,-23.67311608796511,-2.891443230155941,-13.724494046831818,28.848791069112554,-23.288043036822998,0.0,900.1395026688052,12.605222424897446,0.11392536863740502,900.595352440104,245,84
1.680000000000001,-4.20516858344093,1.1350973146989454,0.0,0.874900847172718,5.8654822739508585,0.0,10.80099311672115,0.77968621281118,-13.915594500635407,28.82693621114092,-7.25483553498249,0.0,899.5949824704019,746.5814907498268,-0.38395516536168567,899.7695835898397,246,84
1.8000000000000012,-6.028507505840538,0.10836933075860741,0.0,4.426048749672475,4.029736799355021,0.0,1.6658558581632046,-0.6115486564714212,-13.978578180072008,28.86192556427186,-4.888230305939981,0.0,900.3196537222746,880.5142797086465,-0.4957352351265482,900.783088207502,247,90
1.620000000000001,8.734656916638269,1.3045443155326404,0.0,2.913123059810628,5.801531589120684,0.0,10.01109632078536,0.7123584676101421,-13.982139200256652,6.585309595839517,-28.831175237460826,0.0,900.0649342432556,-0.4154528905373124,-1.0832314146588848,0.18562992847351478,248,81
1.680000000000001,-16.59870455909605,-0.1820646226913568,0.0,0.9078458962733631,5.603156976954914,0.0,-14.67913403761359,-0.6651129967933123,-14.833375285842859,28.84970016832069,-23.93933501711455,0.0,899.7841377420888,2.430425339250501,-0.28653333119524266,900.4313421840735,249,84
1.740000000000001,-21.70828339650412,-2.27115569569048,0.0,2.6310011170433523,4.238340583286941,0.0,-23.541199650840273,-3.4136199324172907,-12.954103322660751,28.82668886500257,-26.66464729445421,0.0,899.5513124736887,0.4696392960033312,0.28244454841355515,899.6839707467294,250,87
1.8000000000000012,-6.79194563123147,-0.9859078127870048,0.0,4.323142105899848,0.4702318332331821,0.0,-17.53555795408058,-1.5692799675038502,-13.640110119026488,28.82741047938837,-4.937900660479688,0.0,900.2955819300635,897.2260843161728,0.5483812646311381,899.9684572876084,251,90
1.680000000000001,-19.74445613713615,-0.9215575387620315,0.0,0.9696550107391921,5.888923560627637,0.0,-17.922848754021754,-2.1326446828375554,-15.434056615808087,28.83796539015039,-27.098075698652277,0.0,899.7789435886147,0.33913087191649105,0.20915613353792253,899.9341903950499,252,84
1.620000000000001,-12.933472558416964,0.2370762849902979,0.0,5.440384414533522,0.34159987198277175,0.0,-7.820598587507139,-1.367131152040403,-16.23032817853816,28.82702838602967,-25.851072310985828,0.0,900.016382858677,35.53996188927228,0.07444041854728162,899.6417757218986,253,81
1.620000000000001,5.93335429867324,-0.16856835918938184,0.0,1.449657610940637,1.3343276581334091,0.0,8.991999938301648,-3.0797203658458954,-13.93083228154595,8.28393853894528,-28.69323589703785,0.0,899.7280081521611,0.5434129147784006,0.35570104949865594,0.44632879776405865,254,81
1.740000000000001,-6.141842668780081,0.21381019646306226,0.0,2.6766499460202375,5.945863748334304,0.0,-15.579501430998137,-0.8198038697276911,-13.160657772552073,28.837271329454104,-6.524576005937645,0.0,900.3145851587782,849.0558276254602,0.5199512682438255,900.135159152771,255,87
1.740000000000001,0.8391019861274048,1.3933694641394236,0.0,5.994724505914544,6.109239854766901,0.0,0.7645415407678432,0.2447286159475176,-14.212699837962509,24.721906185599202,-16.87726115146177,0.0,900.1645340221935,674.714129302912,-0.8331055115804132,900.1813873669371,256,87
1.680000000000001,-1.5218006659926493,1.9470055041317516,0.0,0.9206803585834535,4.1780321933795825,0.0,-2.179276288176327,0.4615053799795663,-15.261628098502927,28.8523255661675,-9.207940841514795,0.0,900.4921296982027,452.7485950356357,-0.12699451786703347,900.6438600924045,257,84
1.740000000000001,-0.4414182378381498,1.1828623376316294,0.0,2.600517847830739,5.1028002435851345,0.0,-4.096540147850611,-0.19537236275753012,-14.852061723990362,28.84864185797386,-14.386735027429594,0.0,899.1230696790346,696.3305163335265,-0.04200189500136178,900.4366229131182,258,87
1.740000000000001,-0.6111412739912435,1.1462855560105203,0.0,2.6867732939649773,6.207525101895968,0.0,-5.803407829319636,0.41801948942806844,-14.032987251138586,28.841523459191535,-16.948531682383287,0.0,899.4044973974021,620.1416641040054,-0.08497583782435983,900.3519294586979,259,87
1.740000000000001,-7.377999102501554,1.0561127988565528,0.0,2.689999620629985,2.2908384345032484,0.0,-14.540397576194088,-0.24812963729584053,-13.892513077471744,28.826902740923725,-8.403573657439617,0.0,900.2547477862105,692.4865865534032,0.37727760687146483,899.7550139400447,260,87
1.620000000000001,3.825550961465924,1.9059185694972753,0.0,3.702463191303771,5.603578768960606,0.0,7.409311154672403,1.8307524170586285,-15.46510240201277,16.086067314403707,-28.03617521738968,0.0,900.4737244524397,0.6912056030754022,0.1321295560429032,0.11476995756880762,261,81
1.680000000000001,4.74288545844983,2.7595847732896166,0.0,3.397516147966398,4.985572626964522,0.0,6.271713364873991,3.381911779731875,-15.32562115645495,9.354218354019217,-28.717167921641828,0.0,900.0292200536832,-0.48000743563222836,0.6358933895436318,0.0857108219845929,262,84
1.680000000000001,0.6573832041519517,1.5464166745279166,0.0,0.9161545971078198,3.8145426012930557,0.0,6.627130647789331,1.1156055191507754,-15.19849809449405,28.834775950403756,-17.815647083944707,0.0,900.4055714585666,41.91093786158429,0.34089796540363076,899.9757585449253,263,84
1.740000000000001,-2.0882325753188713,1.902800521794459,0.0,2.622923862061448,0.4937478111142415,0.0,-4.03122926873582,1.1507329456249091,-15.684670990797347,28.828588322174827,-10.583807465420392,0.0,900.2985704047121,835.3242782054064,0.4859267635119054,899.9027513426834,264,87
1.740000000000001,-3.1761355605459434,1.9408331422357876,0.0,2.6747528822977102,0.28687425474808936,0.0,-6.532574997556915,1.8956541760785695,-14.071090147687176,28.849659806853207,-1.8935140763338323,0.0,900.3763202852629,878.5058724917943,-0.040307733690269854,900.4249736403567,265,87
1.680000000000001,-1.1394276650161443,1.8929916889363005,0.0,0.9398199262680187,3.895216869155206,0.0,-3.218131928566121,0.39215564846062556,-15.789098550527665,28.845723823887234,-8.21978674915645,0.0,899.8551878279794,672.6723221959488,-0.6123279664689676,900.2621941646847,266,84
1.680000000000001,-1.3330841342664832,1.9540778757852628,0.0,0.9414104960374541,2.7551439869465177,0.0,-1.533972370380931,0.33316719223532165,-14.798442114901883,28.84748089982896,-12.482073455240474,0.0,899.6636572294818,252.20181855756903,0.31130912325814797,900.3978294221243,267,84
1.680000000000001,-3.3591694956747964,1.5696531070903532,0.0,0.8926759920626726,5.6252479938634,0.0,-3.95348726210388,-0.11289693604990461,-14.40946056012169,28.810495741717705,-3.46253021014208,0.0,900.4397462845637,859.3890799883546,0.40742756317035567,899.2268987104143,268,84
1.680000000000001,-0.42856049728686274,1.575016144939658,0.0,0.9573043610254865,5.159225670682428,0.0,-0.7941946429734776,1.0589914399830858,-17.121303459170004,28.85797876068609,-20.62876083347563,0.0,899.7120732259118,183.48761344404295,-0.3766302695485577,900.8659683167529,269,84
1.740000000000001,-1.7621207251507247,1.8659890185968788,0.0,2.618205034575574,1.665474713593479,0.0,-2.8769281538391662,0.3337276156599939,-15.073789290551664,28.844169641019075,-20.06711463893953,0.0,899.9214218371357,147.5205702333715,-0.8198008843568364,900.3397981117336,270,87
1.740000000000001,-3.400262147727058,1.6513104897264528,0.0,2.64962469629252,0.9043888948061545,0.0,-10.82286968522414,0.5834447121167241,-13.919639103706894,28.848105147888845,-6.328838347009374,0.0,899.932008964815,823.3285697469877,-0.06751069837218211,900.6170467391458,271,87
1.740000000000001,0.7723221104211704,1.699994915430935,0.0,2.6621679841720454,5.4097479099824675,0.0,10.974361969411486,0.6514286066504413,-14.830598331404303,28.86307652180092,-20.574908091477337,0.0,900.1150750885831,104.2984744717622,-0.36086795175455605,900.9506791339131,272,87
1.740000000000001,-8.5147494405558,0.900984865671091,0.0,2.652505514031251,1.908862344795084,0.0,-3.192838193883965,-0.14848556904029292,-15.418894244969545,28.828988122724386,-13.72481966392537,0.0,899.9291503408215,512.3215416410156,-0.25386464944494597,899.8553993765426,273,87
1.740000000000001,-1.9310847088163352,1.8871946706886267,0.0,2.6526020549778,0.0769612904979855,0.0,-3.4517399780947566,1.579428858669758,-15.628327736854358,28.836710275202215,-11.73326031686158,0.0,900.0957462812544,788.7038104992197,0.19151803925298863,899.9943134296319,274,87
1.620000000000001,1.671686540844776,1.6716871604967793,0.0,5.488846228394399,1.0357715519477937,0.0,2.5387889001086092,-0.9819327231441572,-14.764892425624582,28.841007308348004,-24.766623151931825,0.0,899.8406281934331,7.397528250619995,0.3898922079823415,900.1986558404358,275,81
1.8000000000000012,-17.437462712368404,-0.4613820607044448,0.0,4.456669184268041,1.0051625740510834,0.0,-25.939907953354716,0.0997714633084455,-13.865176898689203,28.846906904798313,-7.218800230994515,0.0,900.0166412278747,759.5219853956197,0.3889273886735495,900.4234223961087,276,90
1.680000000000001,4.903863399090244,2.18175894139158,0.0,5.117971725141921,0.2014259541860115,0.0,2.633220739776735,3.9669979565743403,-14.22038304015211,18.91331199614712,-28.810537238567257,0.0,900.320407085362,0.22434248791564387,-0.16857477841486002,519.9155771908408,277,84
1.740000000000001,-4.477296359027677,1.111212627747317,0.0,2.627402714276162,0.08861062625753302,0.0,-14.360682131776757,0.4660262953387737,-12.99330810889733,28.814175789413742,-3.689215437778807,0.0,900.0866002017461,900.2278765455848,0.15917135613666233,899.2074357940481,278,87
1.620000000000001,2.660792616156106,2.7101372385875027,0.0,5.485500680073521,2.9767426563652464,0.0,6.515972127627167,5.122415725545286,-16.16438986013201,28.842673514023623,-28.2338397565474,0.0,900.002194408427,0.2842212267336255,0.2745450862774934,900.2596771506416,279,81
1.8000000000000012,-17.957230754738145,-0.6337892569546376,0.0,4.339587402877511,5.934331317448585,0.0,-24.12171451102032,-0.44844270277612125,-15.775201544523624,28.831028385404593,-5.1481779591203285,0.0,899.4849043718206,831.3419989321702,8.302873308869183,899.8888768051177,280,90
1.620000000000001,8.390501975990654,1.8144345807358742,0.0,1.7540413473632963,2.2884357875852324,0.0,9.523327419000294,1.1438695929911662,-14.529935062548294,8.858830517591256,-28.814671869829674,0.0,899.5257238184386,0.17374536365879062,-0.5886056295547819,-0.009754894570990325,281,81
1.8000000000000012,5.558711859531336,1.1494838045009432,0.0,3.7180587771600013,2.4104110838049735,0.0,6.236803329535825,0.7892736160190605,-14.073386676926216,16.337475348998126,-28.805946376896145,0.0,899.3279186640532,0.34311712001370787,-0.6656353949862638,125.74055586441233,282,90
1.680000000000001,-7.355913507074745,0.14604168788382038,0.0,0.9301898449736159,4.357832351060296,0.0,2.686567350044733,-0.2416015486994726,-14.930328783990895,28.85504624635533,-2.5231244019256653,0.0,900.0694193215094,900.0964482421044,0.18571000714573188,900.6738072529499,283,84
1.620000000000001,7.2539066717967655,2.7376254541598275,0.0,5.958990457942628,2.4224270379619544,0.0,8.023104381141323,6.574889161233678,-14.970448229686433,27.85765736831547,-28.82775986423803,0.0,900.0154280259783,-0.5683164389681858,0.36568510453467606,891.4773788318878,284,81
1.740000000000001,-10.632293311807858,0.05468419547178313,0.0,2.677654665605065,4.840284997215413,0.0,-6.856926438779313,-0.4441348537532528,-14.737475087155532,28.8319111249244,-2.667098105614148,0.0,899.218114704084,897.255617779277,0.3727120219374027,899.8250714562282,285,87
1.5000000000000009,4.635256478141869,1.8558826296239996,0.0,2.024172216738094,1.3747948708462712,0.0,6.144557810823695,1.8065056252883562,-17.538358810612255,28.812325236475854,-28.712125054435454,0.0,900.1589467344193,0.3174014714117292,0.3287940226550896,899.1789464732883,286,75
1.8000000000000012,6.458307685781606,0.5733875721348519,0.0,5.055019558746185,1.914010613305381,0.0,10.047043066105516,0.3087081882905649,-10.563478486104993,26.703925170076147,-28.799544325853372,0.0,899.0907798736959,0.23490430753322272,-0.3161431409341533,781.047130255014,287,90
1.680000000000001,-8.184744547592516,0.4059131824013855,0.0,0.9451674792287204,4.1774268758538184,0.0,7.413597678579026,0.3386258928155714,-15.427878719638834,28.84261173380255,-2.2106584801913183,0.0,900.0884326231135,897.5686896857505,10.179555054141122,900.4325405456154,288,84
1.680000000000001,-5.674005513104824,0.4464046241331794,0.0,0.9423169309381256,3.832827051361221,0.0,8.078798966328065,0.45682190595785416,-14.855119459440498,28.833926411209116,-2.514139873200326,0.0,899.8667618326268,899.1027365415007,1.0239292328038088,900.0421783872578,289,84
1.680000000000001,-16.800503927435678,-1.4252267988167815,0.0,0.6295547990377326,3.693087757878832,0.0,-0.3763585757157326,-0.5848000965300342,-18.740384493742347,7.336483571409739,-3.1328711769439375,0.0,899.9303606243728,895.7267338271487,900.1671222298766,899.6840007390139,290,84
1.620000000000001,2.408169341169952,7.168238262280391,0.0,5.5112093800308735,4.081881290628878,0.0,0.42917842001941814,6.508976060162659,-18.125727319959672,28.84796754352278,-28.830375329170796,0.0,900.1015943554618,-0.23332200085765614,0.1661131032305546,900.476275444142,291,81
2.2800000000000016,1.5655311087062258,3.2194532081886744,0.0,5.680854179782655,0.7808256767812445,0.0,-1.5847770663409761,3.01929938411577,-12.283263626519535,28.819383096556503,-28.765881593903355,0.0,899.6288274708013,-0.07097616279379287,0.18002590288387538,899.581819689746,292,114
1.740000000000001,4.289448899446493,5.188057283855878,0.0,2.639692986380334,5.050612068532576,0.0,10.397520218521574,5.657255082385685,-13.127932453943105,28.831065594618668,-28.719431105767594,0.0,900.4374579012746,0.21470169018941598,0.6576181573905271,899.8449997809201,293,87
1.680000000000001,1.5174013618070552,0.5579843281417664,0.0,0.9422240479701527,3.784901646514209,0.0,0.4402197077222402,-1.8600651554816794,-15.163818665468,28.841944527775148,-28.576555071487284,0.0,900.1875411906437,0.6471807082032806,-0.32582665608578965,900.202882462681,294,84
1.9800000000000013,5.512790519283993,2.9248276672188793,0.0,3.247512190387697,3.7138629670351744,0.0,4.705794333932625,6.6620801072240585,-8.8348125245279,28.794211191060313,-28.84950847803512,0.0,900.2429877102053,0.34236668524222846,-0.5202601505464837,897.7908213471392,295,99
1.740000000000001,6.88667988942722,-0.21021995055482914,0.0,1.6899696960394017,3.094432763544651,0.0,6.8304646733133145,-0.61822532498785,-10.722460793556062,20.11883752084093,-28.84213997985806,0.0,900.1867041567931,-0.39847242557063556,0.6200057828068042,206.09477258983964,296,87
1.740000000000001,7.884009318469481,0.29867316114944364,0.0,1.4479500975788557,2.7792464129692203,0.0,7.955933903330867,-3.5160793823085372,-13.719674771029792,28.00674636905873,-28.82831812248,0.0,899.8542617974857,0.24772561297421872,0.344109971962801,889.817405058333,297,87
1.560000000000001,3.70668372008692,0.35432491053038656,0.0,3.8114339529396624,0.7835772243656942,0.0,2.7468621864416765,-3.794252337368772,-15.079513095089519,28.838703777219933,-28.830370340440748,0.0,899.9427581648033,-0.03811317441545785,-0.3069485492591959,900.0956515629842,298,78
1.5000000000000009,3.1454301118601715,-0.7475347854643657,0.0,2.068093777492999,2.2816595243108395,0.0,3.311704302846272,-4.474465063143649,-16.970434701010422,28.821415151700375,-28.82863459087776,0.0,899.9072254581057,0.2201701600540529,-0.20051039948155264,899.6564473995134,299,75
1.8000000000000012,3.4109183256459,-0.9712262631598291,0.0,4.335563398192553,6.103432182282069,0.0,3.1128304566150007,-4.504628308017795,-15.86480730207408,28.84737342644342,-28.799240124653362,0.0,899.9030194093375,-0.33493866826862667,-0.6111513971805631,900.4608703148003,300,90
